x y z charge scale scaleCoul Type
 0 0 17.2628  29.3881  33.6145 -0.3256 1 1 17
 0 1 16.2269  29.8291  33.8939 0.6512 1 1 16
 0 2 15.191  30.27  34.1733 -0.3256 1 1 17
 1 0 34.9956  22.1302  28.989 -0.3256 1 1 17
 1 1 33.9426  21.6886  28.7849 0.6512 1 1 16
 1 2 32.8895  21.2471  28.5809 -0.3256 1 1 17
 2 0 29.1711  16.0386  5.65732 -0.3256 1 1 17
 2 1 28.0602  16.2416  5.39206 0.6512 1 1 16
 2 2 26.9493  16.4446  5.1268 -0.3256 1 1 17
 3 0 19.3781  2.78897  35.2546 -0.3256 1 1 17
 3 1 19.4106  3.94524  35.1676 0.6512 1 1 16
 3 2 19.4431  5.10151  35.0805 -0.3256 1 1 17
 4 0 8.482  2.78674  38.253 -0.3256 1 1 17
 4 1 7.40507  2.83568  38.6813 0.6512 1 1 16
 4 2 6.32815  2.88462  39.1096 -0.3256 1 1 17
 5 0 36.5426  26.5893  5.34609 -0.3256 1 1 17
 5 1 36.5707  27.1262  4.31819 0.6512 1 1 16
 5 2 36.5988  27.6631  3.29029 -0.3256 1 1 17
 6 0 32.4967  36.3751  20.1843 -0.3256 1 1 17
 6 1 33.5088  36.0277  20.6323 0.6512 1 1 16
 6 2 34.5208  35.6804  21.0803 -0.3256 1 1 17
 7 0 0.488068  10.0783  11.5342 -0.3256 1 1 17
 7 1 1.36964  10.6373  12.0401 0.6512 1 1 16
 7 2 2.25121  11.1964  12.5459 -0.3256 1 1 17
 8 0 24.7009  6.81238  11.158 -0.3256 1 1 17
 8 1 25.0397  6.82693  12.2674 0.6512 1 1 16
 8 2 25.3785  6.84147  13.3767 -0.3256 1 1 17
 9 0 25.9842  3.47915  13.9138 -0.3256 1 1 17
 9 1 26.3044  3.68939  12.8189 0.6512 1 1 16
 9 2 26.6246  3.89963  11.724 -0.3256 1 1 17
 10 0 14.0097  33.857  1.13928 -0.3256 1 1 17
 10 1 14.6167  34.0604  2.10662 0.6512 1 1 16
 10 2 15.2237  34.2639  3.07396 -0.3256 1 1 17
 11 0 21.6084  7.88951  12.1993 -0.3256 1 1 17
 11 1 20.9946  7.34759  11.3776 0.6512 1 1 16
 11 2 20.3808  6.80567  10.5559 -0.3256 1 1 17
 12 0 15.3554  7.16692  32.4891 -0.3256 1 1 17
 12 1 15.5945  7.14169  31.3543 0.6512 1 1 16
 12 2 15.8335  7.11647  30.2194 -0.3256 1 1 17
 13 0 31.2585  25.5417  0.765857 -0.3256 1 1 17
 13 1 30.6077  26.4426  0.433666 0.6512 1 1 16
 13 2 29.9569  27.3436  0.101476 -0.3256 1 1 17
 14 0 29.0267  16.7201  14.3183 -0.3256 1 1 17
 14 1 28.5067  17.1304  13.366 0.6512 1 1 16
 14 2 27.9867  17.5407  12.4138 -0.3256 1 1 17
 15 0 10.2113  0.869903  17.3688 -0.3256 1 1 17
 15 1 11.344  1.11825  17.3981 0.6512 1 1 16
 15 2 12.4768  1.36659  17.4274 -0.3256 1 1 17
 16 0 23.6959  38.1543  14.5624 -0.3256 1 1 17
 16 1 23.943  38.415  15.6654 0.6512 1 1 16
 16 2 24.1901  38.6758  16.7684 -0.3256 1 1 17
 17 0 25.0233  31.8674  17.619 -0.3256 1 1 17
 17 1 25.642  30.8932  17.5018 0.6512 1 1 16
 17 2 26.2606  29.919  17.3846 -0.3256 1 1 17
 18 0 16.9958  19.6614  2.0765 -0.3256 1 1 17
 18 1 16.6907  20.1628  1.07593 0.6512 1 1 16
 18 2 16.3856  20.6642  0.0753663 -0.3256 1 1 17
 19 0 19.3573  0.437264  0.931592 -0.3256 1 1 17
 19 1 18.3208  0.0263035  0.611551 0.6512 1 1 16
 19 2 17.2843  -0.384657  0.29151 -0.3256 1 1 17
 20 0 23.0118  36.0599  33.7479 -0.3256 1 1 17
 20 1 22.8549  35.4948  34.7487 0.6512 1 1 16
 20 2 22.6981  34.9297  35.7495 -0.3256 1 1 17
 21 0 12.4032  28.2118  22.7955 -0.3256 1 1 17
 21 1 12.8651  28.2291  23.8595 0.6512 1 1 16
 21 2 13.327  28.2464  24.9234 -0.3256 1 1 17
 22 0 21.8311  32.8198  9.11177 -0.3256 1 1 17
 22 1 22.6658  33.5274  9.49683 0.6512 1 1 16
 22 2 23.5004  34.235  9.88188 -0.3256 1 1 17
 23 0 0.665825  23.7455  5.25945 -0.3256 1 1 17
 23 1 1.30349  22.7865  5.39845 0.6512 1 1 16
 23 2 1.94116  21.8275  5.53745 -0.3256 1 1 17
 24 0 36.7212  37.353  9.81698 -0.3256 1 1 17
 24 1 37.0402  37.7915  10.8425 0.6512 1 1 16
 24 2 37.3591  38.23  11.8679 -0.3256 1 1 17
 25 0 31.1369  34.3906  14.3385 -0.3256 1 1 17
 25 1 30.0821  34.831  14.1412 0.6512 1 1 16
 25 2 29.0272  35.2715  13.9439 -0.3256 1 1 17
 26 0 19.1258  11.2451  20.9829 -0.3256 1 1 17
 26 1 19.3827  11.2588  19.8518 0.6512 1 1 16
 26 2 19.6395  11.2725  18.7206 -0.3256 1 1 17
 27 0 7.38275  6.60282  23.6892 -0.3256 1 1 17
 27 1 7.08382  7.71472  23.548 0.6512 1 1 16
 27 2 6.78489  8.82662  23.4069 -0.3256 1 1 17
 28 0 28.9001  28.8247  20.3626 -0.3256 1 1 17
 28 1 27.99  29.3664  20.8357 0.6512 1 1 16
 28 2 27.0799  29.9081  21.3088 -0.3256 1 1 17
 29 0 0.955574  32.0234  4.62868 -0.3256 1 1 17
 29 1 1.35022  32.9022  5.27478 0.6512 1 1 16
 29 2 1.74488  33.7811  5.92088 -0.3256 1 1 17
 30 0 36.0205  27.4443  30.2616 -0.3256 1 1 17
 30 1 37.0615  27.06  29.9236 0.6512 1 1 16
 30 2 38.1025  26.6758  29.5856 -0.3256 1 1 17
 31 0 33.6055  30.4277  37.4899 -0.3256 1 1 17
 31 1 33.8451  30.3176  36.3603 0.6512 1 1 16
 31 2 34.0847  30.2074  35.2307 -0.3256 1 1 17
 32 0 14.7563  35.39  30.0983 -0.3256 1 1 17
 32 1 15.8794  35.1118  30.0155 0.6512 1 1 16
 32 2 17.0025  34.8336  29.9327 -0.3256 1 1 17
 33 0 24.6912  27.9577  19.8287 -0.3256 1 1 17
 33 1 24.0538  27.0305  19.5465 0.6512 1 1 16
 33 2 23.4164  26.1033  19.2643 -0.3256 1 1 17
 34 0 32.8878  9.0563  4.26353 -0.3256 1 1 17
 34 1 33.6275  8.65959  5.06417 0.6512 1 1 16
 34 2 34.3672  8.26288  5.86481 -0.3256 1 1 17
 35 0 25.4793  35.222  12.8733 -0.3256 1 1 17
 35 1 24.3432  34.9923  12.9203 0.6512 1 1 16
 35 2 23.2072  34.7627  12.9674 -0.3256 1 1 17
 36 0 24.1677  36.673  24.9339 -0.3256 1 1 17
 36 1 23.4284  37.4944  25.2864 0.6512 1 1 16
 36 2 22.6891  38.3159  25.6389 -0.3256 1 1 17
 37 0 14.942  8.22002  6.14701 -0.3256 1 1 17
 37 1 16.0426  8.15782  6.50816 0.6512 1 1 16
 37 2 17.1432  8.09561  6.86931 -0.3256 1 1 17
 38 0 4.01548  26.2365  35.7469 -0.3256 1 1 17
 38 1 3.03748  25.6177  35.6676 0.6512 1 1 16
 38 2 2.05949  24.999  35.5883 -0.3256 1 1 17
 39 0 33.5106  34.8901  12.3418 -0.3256 1 1 17
 39 1 34.6693  34.8865  12.2874 0.6512 1 1 16
 39 2 35.828  34.8829  12.2331 -0.3256 1 1 17
 40 0 26.2918  17.5506  23.2025 -0.3256 1 1 17
 40 1 27.3406  17.1226  22.9529 0.6512 1 1 16
 40 2 28.3895  16.6946  22.7033 -0.3256 1 1 17
 41 0 20.0004  18.7268  23.1302 -0.3256 1 1 17
 41 1 19.3322  17.7994  22.9328 0.6512 1 1 16
 41 2 18.6639  16.872  22.7354 -0.3256 1 1 17
 42 0 17.731  26.9127  36.7325 -0.3256 1 1 17
 42 1 17.3614  26.3279  37.6636 0.6512 1 1 16
 42 2 16.9917  25.743  38.5947 -0.3256 1 1 17
 43 0 10.981  12.4631  9.62937 -0.3256 1 1 17
 43 1 10.6693  11.8666  8.68456 0.6512 1 1 16
 43 2 10.3577  11.2701  7.73976 -0.3256 1 1 17
 44 0 13.3863  26.8079  4.59756 -0.3256 1 1 17
 44 1 14.2896  27.1119  5.2589 0.6512 1 1 16
 44 2 15.1928  27.4159  5.92025 -0.3256 1 1 17
 45 0 7.13268  33.2515  1.17232 -0.3256 1 1 17
 45 1 8.14275  33.8213  1.198 0.6512 1 1 16
 45 2 9.15282  34.3911  1.22368 -0.3256 1 1 17
 46 0 3.23814  15.6692  18.9563 -0.3256 1 1 17
 46 1 3.62986  14.62  18.6539 0.6512 1 1 16
 46 2 4.02157  13.5709  18.3516 -0.3256 1 1 17
 47 0 21.8023  34.9814  16.0669 -0.3256 1 1 17
 47 1 21.5474  33.9161  15.6852 0.6512 1 1 16
 47 2 21.2924  32.8507  15.3036 -0.3256 1 1 17
 48 0 0.736277  1.72271  9.05137 -0.3256 1 1 17
 48 1 0.814204  0.891203  8.24631 0.6512 1 1 16
 48 2 0.892131  0.0596972  7.44124 -0.3256 1 1 17
 49 0 30.5359  33.3368  19.2067 -0.3256 1 1 17
 49 1 31.598  33.473  18.7606 0.6512 1 1 16
 49 2 32.6601  33.6091  18.3145 -0.3256 1 1 17
 50 0 5.45619  5.16288  11.6573 -0.3256 1 1 17
 50 1 5.59898  4.10803  12.1183 0.6512 1 1 16
 50 2 5.74177  3.05319  12.5793 -0.3256 1 1 17
 51 0 21.4061  7.95078  21.9629 -0.3256 1 1 17
 51 1 20.3406  7.50447  21.8568 0.6512 1 1 16
 51 2 19.2752  7.05817  21.7507 -0.3256 1 1 17
 52 0 0.623161  15.7407  1.242 -0.3256 1 1 17
 52 1 1.14608  16.0188  0.24458 0.6512 1 1 16
 52 2 1.66901  16.2968  -0.75284 -0.3256 1 1 17
 53 0 32.4078  14.2106  11.7456 -0.3256 1 1 17
 53 1 32.3007  14.8916  12.6786 0.6512 1 1 16
 53 2 32.1936  15.5725  13.6115 -0.3256 1 1 17
 54 0 15.3509  11.8607  36.2455 -0.3256 1 1 17
 54 1 15.5834  12.9882  36.1027 0.6512 1 1 16
 54 2 15.8159  14.1156  35.9599 -0.3256 1 1 17
 55 0 7.55871  16.1549  16.4828 -0.3256 1 1 17
 55 1 6.90991  16.8658  17.1303 0.6512 1 1 16
 55 2 6.26111  17.5768  17.7777 -0.3256 1 1 17
 56 0 16.8076  17.0779  8.56722 -0.3256 1 1 17
 56 1 17.3879  16.8518  7.58861 0.6512 1 1 16
 56 2 17.9682  16.6257  6.60999 -0.3256 1 1 17
 57 0 35.5193  22.741  9.33566 -0.3256 1 1 17
 57 1 36.4788  22.9351  9.95806 0.6512 1 1 16
 57 2 37.4382  23.1292  10.5805 -0.3256 1 1 17
 58 0 37.2331  20.9568  6.22148 -0.3256 1 1 17
 58 1 37.5007  20.6916  7.31857 0.6512 1 1 16
 58 2 37.7684  20.4263  8.41566 -0.3256 1 1 17
 59 0 2.51553  28.1146  3.03179 -0.3256 1 1 17
 59 1 1.74085  28.8372  2.55919 0.6512 1 1 16
 59 2 0.966166  29.5598  2.08658 -0.3256 1 1 17
 60 0 12.2564  7.40043  27.6137 -0.3256 1 1 17
 60 1 12.7309  6.75896  28.4557 0.6512 1 1 16
 60 2 13.2054  6.11749  29.2977 -0.3256 1 1 17
 61 0 33.0644  13.3315  1.19804 -0.3256 1 1 17
 61 1 32.4411  13.2183  2.16983 0.6512 1 1 16
 61 2 31.8179  13.1052  3.14161 -0.3256 1 1 17
 62 0 35.1413  16.6851  25.7725 -0.3256 1 1 17
 62 1 34.4529  16.1357  26.5273 0.6512 1 1 16
 62 2 33.7645  15.5863  27.2822 -0.3256 1 1 17
 63 0 16.3345  3.13529  24.1808 -0.3256 1 1 17
 63 1 16.4645  4.25915  23.9245 0.6512 1 1 16
 63 2 16.5944  5.38301  23.6683 -0.3256 1 1 17
 64 0 6.44305  23.086  37.2873 -0.3256 1 1 17
 64 1 6.8974  23.7583  36.4583 0.6512 1 1 16
 64 2 7.35175  24.4305  35.6294 -0.3256 1 1 17
 65 0 3.86854  20.157  21.2113 -0.3256 1 1 17
 65 1 3.83618  20.3411  22.3561 0.6512 1 1 16
 65 2 3.80383  20.5252  23.501 -0.3256 1 1 17
 66 0 20.9649  3.05942  30.6101 -0.3256 1 1 17
 66 1 21.2084  3.5791  29.602 0.6512 1 1 16
 66 2 21.4519  4.09878  28.5939 -0.3256 1 1 17
 67 0 2.78247  16.2015  4.13192 -0.3256 1 1 17
 67 1 2.29072  17.0823  3.55927 0.6512 1 1 16
 67 2 1.79897  17.9632  2.98662 -0.3256 1 1 17
 68 0 31.4217  27.8931  25.9913 -0.3256 1 1 17
 68 1 30.4515  28.3956  25.6016 0.6512 1 1 16
 68 2 29.4813  28.898  25.212 -0.3256 1 1 17
 69 0 0.156291  21.171  35.0283 -0.3256 1 1 17
 69 1 1.12018  21.3659  34.413 0.6512 1 1 16
 69 2 2.08407  21.5608  33.7978 -0.3256 1 1 17
 70 0 37.7689  15.2824  6.46372 -0.3256 1 1 17
 70 1 38.6029  14.5536  6.11898 0.6512 1 1 16
 70 2 39.4368  13.8248  5.77424 -0.3256 1 1 17
 71 0 26.7321  14.3402  13.3482 -0.3256 1 1 17
 71 1 27.8041  14.2695  12.9108 0.6512 1 1 16
 71 2 28.8761  14.1987  12.4733 -0.3256 1 1 17
 72 0 23.0642  12.1045  8.02406 -0.3256 1 1 17
 72 1 22.2902  12.1222  7.16022 0.6512 1 1 16
 72 2 21.5162  12.1399  6.29637 -0.3256 1 1 17
 73 0 1.5102  17.9127  22.7006 -0.3256 1 1 17
 73 1 1.00502  17.6971  21.6789 0.6512 1 1 16
 73 2 0.499849  17.4816  20.6571 -0.3256 1 1 17
 74 0 5.78732  21.1914  12.3702 -0.3256 1 1 17
 74 1 5.29961  20.6455  11.4703 0.6512 1 1 16
 74 2 4.81189  20.0996  10.5705 -0.3256 1 1 17
 75 0 24.6142  18.7577  13.2409 -0.3256 1 1 17
 75 1 24.3809  17.8943  12.5023 0.6512 1 1 16
 75 2 24.1476  17.0308  11.7636 -0.3256 1 1 17
 76 0 14.3488  11.3906  6.24151 -0.3256 1 1 17
 76 1 14.6772  12.4941  6.38267 0.6512 1 1 16
 76 2 15.0056  13.5976  6.52384 -0.3256 1 1 17
 77 0 5.50121  33.604  18.5104 -0.3256 1 1 17
 77 1 6.18961  34.2661  19.1687 0.6512 1 1 16
 77 2 6.87801  34.9282  19.827 -0.3256 1 1 17
 78 0 16.8356  11.9328  16.093 -0.3256 1 1 17
 78 1 17.2317  11.5107  15.0878 0.6512 1 1 16
 78 2 17.6278  11.0887  14.0825 -0.3256 1 1 17
 79 0 34.2871  19.7135  3.49315 -0.3256 1 1 17
 79 1 35.2452  19.0945  3.28261 0.6512 1 1 16
 79 2 36.2033  18.4754  3.07208 -0.3256 1 1 17
 80 0 22.4367  18.8132  35.9483 -0.3256 1 1 17
 80 1 21.6284  19.4288  36.5079 0.6512 1 1 16
 80 2 20.8201  20.0445  37.0675 -0.3256 1 1 17
 81 0 29.9069  7.91989  17.5622 -0.3256 1 1 17
 81 1 30.8148  8.42957  17.0509 0.6512 1 1 16
 81 2 31.7228  8.93926  16.5395 -0.3256 1 1 17
 82 0 18.7267  30.2199  23.3345 -0.3256 1 1 17
 82 1 18.4972  31.1637  22.7002 0.6512 1 1 16
 82 2 18.2678  32.1074  22.0658 -0.3256 1 1 17
 83 0 30.4297  7.11996  14.1039 -0.3256 1 1 17
 83 1 30.9689  6.20687  13.6337 0.6512 1 1 16
 83 2 31.5082  5.29378  13.1634 -0.3256 1 1 17
 84 0 1.94293  32.5226  14.3136 -0.3256 1 1 17
 84 1 2.96455  33.0558  14.4462 0.6512 1 1 16
 84 2 3.98617  33.589  14.5787 -0.3256 1 1 17
 85 0 0.445367  19.0292  32.8532 -0.3256 1 1 17
 85 1 0.38335  19.9592  32.1627 0.6512 1 1 16
 85 2 0.321333  20.8893  31.4721 -0.3256 1 1 17
 86 0 8.85141  18.3365  0.112987 -0.3256 1 1 17
 86 1 7.97041  17.6184  -0.11889 0.6512 1 1 16
 86 2 7.08941  16.9003  -0.350768 -0.3256 1 1 17
 87 0 17.6279  20.1275  9.75873 -0.3256 1 1 17
 87 1 16.5008  20.1662  9.48739 0.6512 1 1 16
 87 2 15.3736  20.2049  9.21606 -0.3256 1 1 17
 88 0 22.4583  32.9171  25.6508 -0.3256 1 1 17
 88 1 23.2415  32.6606  24.8344 0.6512 1 1 16
 88 2 24.0247  32.404  24.0181 -0.3256 1 1 17
 89 0 37.3676  33.8584  8.02527 -0.3256 1 1 17
 89 1 36.3225  33.7314  8.51224 0.6512 1 1 16
 89 2 35.2773  33.6043  8.99921 -0.3256 1 1 17
 90 0 35.4233  26.2557  38.3116 -0.3256 1 1 17
 90 1 35.5372  27.3509  37.9468 0.6512 1 1 16
 90 2 35.6511  28.4461  37.5819 -0.3256 1 1 17
 91 0 33.0757  18.6481  7.68837 -0.3256 1 1 17
 91 1 32.9385  19.4842  6.89611 0.6512 1 1 16
 91 2 32.8013  20.3203  6.10385 -0.3256 1 1 17
 92 0 25.2288  32.2195  28.9925 -0.3256 1 1 17
 92 1 26.055  32.2995  29.8028 0.6512 1 1 16
 92 2 26.8811  32.3794  30.6132 -0.3256 1 1 17
 93 0 14.5979  0.0881974  2.11369 -0.3256 1 1 17
 93 1 13.7411  -0.692521  2.06782 0.6512 1 1 16
 93 2 12.8844  -1.47324  2.02196 -0.3256 1 1 17
 94 0 16.1167  21.2412  35.3545 -0.3256 1 1 17
 94 1 15.7378  21.0049  34.2839 0.6512 1 1 16
 94 2 15.3589  20.7687  33.2133 -0.3256 1 1 17
 95 0 22.6543  13.8963  22.191 -0.3256 1 1 17
 95 1 22.4713  13.5024  21.1154 0.6512 1 1 16
 95 2 22.2883  13.1086  20.0397 -0.3256 1 1 17
 96 0 10.1289  18.021  24.722 -0.3256 1 1 17
 96 1 10.2549  17.3746  23.7671 0.6512 1 1 16
 96 2 10.3809  16.7281  22.8122 -0.3256 1 1 17
 97 0 9.16986  37.7633  33.5219 -0.3256 1 1 17
 97 1 9.98224  38.5904  33.5609 0.6512 1 1 16
 97 2 10.7946  39.4175  33.5999 -0.3256 1 1 17
 98 0 0.265219  25.0895  24.4165 -0.3256 1 1 17
 98 1 0.0140689  23.9857  24.6699 0.6512 1 1 16
 98 2 -0.237081  22.8819  24.9233 -0.3256 1 1 17
 99 0 30.2812  18.549  8.2732 -0.3256 1 1 17
 99 1 30.5498  17.717  9.03557 0.6512 1 1 16
 99 2 30.8183  16.885  9.79794 -0.3256 1 1 17
 100 0 21.6663  19.266  14.1017 -0.3256 1 1 17
 100 1 20.881  20.075  13.829 0.6512 1 1 16
 100 2 20.0958  20.8841  13.5562 -0.3256 1 1 17
 101 0 6.83231  25.3868  3.46953 -0.3256 1 1 17
 101 1 6.45918  24.3093  3.68262 0.6512 1 1 16
 101 2 6.08604  23.2318  3.89571 -0.3256 1 1 17
 102 0 34.2905  24.3369  26.7442 -0.3256 1 1 17
 102 1 34.6488  25.347  27.188 0.6512 1 1 16
 102 2 35.007  26.3571  27.6318 -0.3256 1 1 17
 103 0 4.65371  0.901008  3.62229 -0.3256 1 1 17
 103 1 4.83868  -0.202698  3.31696 0.6512 1 1 16
 103 2 5.02364  -1.3064  3.01164 -0.3256 1 1 17
 104 0 32.896  18.8689  36.026 -0.3256 1 1 17
 104 1 32.3156  19.873  36.0492 0.6512 1 1 16
 104 2 31.7352  20.877  36.0725 -0.3256 1 1 17
 105 0 5.83308  31.5797  13.5689 -0.3256 1 1 17
 105 1 5.41312  32.1308  12.6386 0.6512 1 1 16
 105 2 4.99317  32.6819  11.7083 -0.3256 1 1 17
 106 0 35.8619  16.0106  18.3546 -0.3256 1 1 17
 106 1 36.5844  15.1116  18.2301 0.6512 1 1 16
 106 2 37.3069  14.2126  18.1057 -0.3256 1 1 17
 107 0 8.39079  35.2191  14.7437 -0.3256 1 1 17
 107 1 7.86467  34.3957  15.3688 0.6512 1 1 16
 107 2 7.33854  33.5723  15.994 -0.3256 1 1 17
 108 0 24.0233  30.8971  4.12925 -0.3256 1 1 17
 108 1 23.7136  31.5721  3.23811 0.6512 1 1 16
 108 2 23.404  32.247  2.34696 -0.3256 1 1 17
 109 0 17.6609  18.38  26.6845 -0.3256 1 1 17
 109 1 16.6992  17.8156  26.3645 0.6512 1 1 16
 109 2 15.7376  17.2513  26.0444 -0.3256 1 1 17
 110 0 32.8518  3.4822  21.7352 -0.3256 1 1 17
 110 1 32.193  4.38027  22.0594 0.6512 1 1 16
 110 2 31.5343  5.27834  22.3836 -0.3256 1 1 17
 111 0 5.23277  14.8903  24.1107 -0.3256 1 1 17
 111 1 4.96654  15.6388  23.2654 0.6512 1 1 16
 111 2 4.7003  16.3873  22.4201 -0.3256 1 1 17
 112 0 37.2001  7.02529  12.9779 -0.3256 1 1 17
 112 1 37.4183  7.67429  13.9143 0.6512 1 1 16
 112 2 37.6364  8.32329  14.8507 -0.3256 1 1 17
 113 0 0.241807  26.5933  13.692 -0.3256 1 1 17
 113 1 0.744192  27.6385  13.7194 0.6512 1 1 16
 113 2 1.24658  28.6837  13.7468 -0.3256 1 1 17
 114 0 2.47358  30.2025  11.16 -0.3256 1 1 17
 114 1 3.20751  29.6921  11.8993 0.6512 1 1 16
 114 2 3.94144  29.1816  12.6385 -0.3256 1 1 17
 115 0 27.7892  13.9548  22.1358 -0.3256 1 1 17
 115 1 26.936  14.4715  21.5437 0.6512 1 1 16
 115 2 26.0828  14.9882  20.9515 -0.3256 1 1 17
 116 0 32.1288  10.938  8.34598 -0.3256 1 1 17
 116 1 33.0636  11.5256  7.99017 0.6512 1 1 16
 116 2 33.9983  12.1132  7.63436 -0.3256 1 1 17
 117 0 31.8848  32.971  34.9096 -0.3256 1 1 17
 117 1 30.8704  32.9293  35.4708 0.6512 1 1 16
 117 2 29.856  32.8877  36.0319 -0.3256 1 1 17
 118 0 10.2211  21.771  18.6082 -0.3256 1 1 17
 118 1 9.52319  22.4703  19.2161 0.6512 1 1 16
 118 2 8.82531  23.1696  19.824 -0.3256 1 1 17
 119 0 11.8699  30.6267  4.74723 -0.3256 1 1 17
 119 1 11.3882  31.682  4.74963 0.6512 1 1 16
 119 2 10.9065  32.7372  4.75202 -0.3256 1 1 17
 120 0 22.404  15.1589  5.49331 -0.3256 1 1 17
 120 1 21.2829  15.2609  5.21365 0.6512 1 1 16
 120 2 20.1617  15.3628  4.93398 -0.3256 1 1 17
 121 0 38.023  3.26314  27.007 -0.3256 1 1 17
 121 1 37.8307  3.56802  25.9044 0.6512 1 1 16
 121 2 37.6383  3.87289  24.8018 -0.3256 1 1 17
 122 0 36.9217  30.588  36.3215 -0.3256 1 1 17
 122 1 36.8689  29.7983  35.4735 0.6512 1 1 16
 122 2 36.816  29.0086  34.6255 -0.3256 1 1 17
 123 0 11.6061  31.4144  23.7356 -0.3256 1 1 17
 123 1 10.448  31.3627  23.6933 0.6512 1 1 16
 123 2 9.28991  31.311  23.6511 -0.3256 1 1 17
 124 0 30.2576  14.1097  20.1775 -0.3256 1 1 17
 124 1 30.8804  13.3344  19.5803 0.6512 1 1 16
 124 2 31.5032  12.5591  18.9832 -0.3256 1 1 17
 125 0 35.177  13.3953  29.1098 -0.3256 1 1 17
 125 1 34.6171  13.9926  29.9317 0.6512 1 1 16
 125 2 34.0573  14.5899  30.7535 -0.3256 1 1 17
 126 0 2.5562  15.0589  15.0646 -0.3256 1 1 17
 126 1 1.8593  14.5626  14.2813 0.6512 1 1 16
 126 2 1.1624  14.0663  13.4979 -0.3256 1 1 17
 127 0 23.93  34.3734  20.8541 -0.3256 1 1 17
 127 1 23.6707  33.2429  20.8357 0.6512 1 1 16
 127 2 23.4115  32.1124  20.8173 -0.3256 1 1 17
 128 0 12.3947  13.7926  37.8068 -0.3256 1 1 17
 128 1 11.3813  13.9024  38.3604 0.6512 1 1 16
 128 2 10.3678  14.0122  38.914 -0.3256 1 1 17
 129 0 28.9437  9.16088  20.6519 -0.3256 1 1 17
 129 1 27.8442  8.79112  20.6425 0.6512 1 1 16
 129 2 26.7448  8.42136  20.6332 -0.3256 1 1 17
 130 0 8.27222  33.7702  26.5759 -0.3256 1 1 17
 130 1 8.12459  34.5212  25.7042 0.6512 1 1 16
 130 2 7.97695  35.2722  24.8326 -0.3256 1 1 17
 131 0 23.0663  13.5571  14.2209 -0.3256 1 1 17
 131 1 22.1642  12.8629  14.4446 0.6512 1 1 16
 131 2 21.2621  12.1688  14.6683 -0.3256 1 1 17
 132 0 13.631  16.1867  22.8721 -0.3256 1 1 17
 132 1 13.2136  15.8302  21.8502 0.6512 1 1 16
 132 2 12.7961  15.4738  20.8283 -0.3256 1 1 17
 133 0 3.18622  0.98123  18.6868 -0.3256 1 1 17
 133 1 3.64857  -0.0781627  18.5892 0.6512 1 1 16
 133 2 4.11091  -1.13756  18.4916 -0.3256 1 1 17
 134 0 28.2728  13.7841  17.8561 -0.3256 1 1 17
 134 1 27.6409  14.4359  17.134 0.6512 1 1 16
 134 2 27.009  15.0878  16.4119 -0.3256 1 1 17
 135 0 9.31143  30.3536  30.184 -0.3256 1 1 17
 135 1 8.21318  29.9957  30.0775 0.6512 1 1 16
 135 2 7.11492  29.6378  29.9711 -0.3256 1 1 17
 136 0 20.7464  10.4092  31.4537 -0.3256 1 1 17
 136 1 21.1737  10.0909  30.4232 0.6512 1 1 16
 136 2 21.6009  9.77259  29.3928 -0.3256 1 1 17
 137 0 26.6248  24.8229  33.884 -0.3256 1 1 17
 137 1 26.9444  24.0007  33.1307 0.6512 1 1 16
 137 2 27.2639  23.1785  32.3774 -0.3256 1 1 17
 138 0 25.3399  1.86695  0.340639 -0.3256 1 1 17
 138 1 24.6411  2.08028  -0.560338 0.6512 1 1 16
 138 2 23.9423  2.29362  -1.46132 -0.3256 1 1 17
 139 0 1.38004  2.50462  13.0114 -0.3256 1 1 17
 139 1 1.9664  3.26323  12.3585 0.6512 1 1 16
 139 2 2.55275  4.02183  11.7056 -0.3256 1 1 17
 140 0 23.4957  9.75956  5.77037 -0.3256 1 1 17
 140 1 23.9158  10.5742  5.05942 0.6512 1 1 16
 140 2 24.336  11.3888  4.34847 -0.3256 1 1 17
 141 0 18.3989  14.5553  15.3395 -0.3256 1 1 17
 141 1 17.8262  15.387  14.7686 0.6512 1 1 16
 141 2 17.2535  16.2186  14.1976 -0.3256 1 1 17
 142 0 3.09711  13.2884  27.8954 -0.3256 1 1 17
 142 1 3.2075  12.7572  28.9207 0.6512 1 1 16
 142 2 3.3179  12.226  29.946 -0.3256 1 1 17
 143 0 20.832  15.7272  36.102 -0.3256 1 1 17
 143 1 19.8648  15.3151  36.5922 0.6512 1 1 16
 143 2 18.8976  14.903  37.0824 -0.3256 1 1 17
 144 0 9.73976  14.8318  13.294 -0.3256 1 1 17
 144 1 9.34633  13.7417  13.2457 0.6512 1 1 16
 144 2 8.95291  12.6515  13.1974 -0.3256 1 1 17
 145 0 0.0715232  23.063  21.3477 -0.3256 1 1 17
 145 1 0.35934  21.9509  21.5092 0.6512 1 1 16
 145 2 0.647157  20.8388  21.6707 -0.3256 1 1 17
 146 0 3.99391  3.54287  21.8029 -0.3256 1 1 17
 146 1 2.86306  3.28807  21.7598 0.6512 1 1 16
 146 2 1.73221  3.03326  21.7167 -0.3256 1 1 17
 147 0 37.7499  9.4878  5.9137 -0.3256 1 1 17
 147 1 37.8685  9.7021  4.77985 0.6512 1 1 16
 147 2 37.9872  9.9164  3.64601 -0.3256 1 1 17
 148 0 20.2482  31.7081  30.2481 -0.3256 1 1 17
 148 1 20.6047  31.0641  31.1447 0.6512 1 1 16
 148 2 20.9612  30.4201  32.0412 -0.3256 1 1 17
 149 0 5.80735  27.8673  38.1623 -0.3256 1 1 17
 149 1 5.04251  27.2718  38.7994 0.6512 1 1 16
 149 2 4.27767  26.6763  39.4366 -0.3256 1 1 17
 150 0 24.9152  11.7673  21.1376 -0.3256 1 1 17
 150 1 25.67  12.1526  20.3455 0.6512 1 1 16
 150 2 26.4247  12.5379  19.5534 -0.3256 1 1 17
 151 0 8.45985  2.06574  31.1002 -0.3256 1 1 17
 151 1 7.40036  2.42044  31.4121 0.6512 1 1 16
 151 2 6.34086  2.77514  31.724 -0.3256 1 1 17
 152 0 4.29137  15.3403  35.8024 -0.3256 1 1 17
 152 1 4.79192  14.3276  35.539 0.6512 1 1 16
 152 2 5.29246  13.3148  35.2756 -0.3256 1 1 17
 153 0 10.8188  5.45482  33.8828 -0.3256 1 1 17
 153 1 11.8645  5.51744  33.3846 0.6512 1 1 16
 153 2 12.9101  5.58006  32.8863 -0.3256 1 1 17
 154 0 17.4417  2.87323  20.5141 -0.3256 1 1 17
 154 1 16.4009  2.37095  20.6145 0.6512 1 1 16
 154 2 15.3601  1.86867  20.7149 -0.3256 1 1 17
 155 0 31.8911  13.0232  29.151 -0.3256 1 1 17
 155 1 32.5475  12.1352  28.7956 0.6512 1 1 16
 155 2 33.2038  11.2472  28.4403 -0.3256 1 1 17
 156 0 34.6996  32.4869  6.38201 -0.3256 1 1 17
 156 1 35.7405  31.9756  6.4093 0.6512 1 1 16
 156 2 36.7814  31.4643  6.4366 -0.3256 1 1 17
 157 0 4.93926  36.9419  26.5291 -0.3256 1 1 17
 157 1 5.70116  37.0962  27.3901 0.6512 1 1 16
 157 2 6.46306  37.2504  28.2511 -0.3256 1 1 17
 158 0 29.2387  24.9098  23.8453 -0.3256 1 1 17
 158 1 28.5313  25.7874  23.5713 0.6512 1 1 16
 158 2 27.8239  26.6649  23.2974 -0.3256 1 1 17
 159 0 7.84621  38.0632  15.9192 -0.3256 1 1 17
 159 1 7.60146  39.1501  16.2424 0.6512 1 1 16
 159 2 7.35672  40.2369  16.5656 -0.3256 1 1 17
 160 0 26.0999  0.641458  8.23242 -0.3256 1 1 17
 160 1 26.5415  -0.222026  8.86881 0.6512 1 1 16
 160 2 26.9831  -1.08551  9.5052 -0.3256 1 1 17
 161 0 33.9993  14.6334  16.1872 -0.3256 1 1 17
 161 1 33.7739  13.5076  16.3525 0.6512 1 1 16
 161 2 33.5484  12.3818  16.5177 -0.3256 1 1 17
 162 0 5.40009  6.75756  26.8104 -0.3256 1 1 17
 162 1 4.57514  6.8645  27.6189 0.6512 1 1 16
 162 2 3.75018  6.97143  28.4273 -0.3256 1 1 17
 163 0 22.1548  36.7932  9.05815 -0.3256 1 1 17
 163 1 21.679  36.958  8.01313 0.6512 1 1 16
 163 2 21.2032  37.1228  6.9681 -0.3256 1 1 17
 164 0 8.47115  11.1205  16.2151 -0.3256 1 1 17
 164 1 7.73206  11.9908  16.42 0.6512 1 1 16
 164 2 6.99296  12.8611  16.6248 -0.3256 1 1 17
 165 0 9.22512  17.3629  10.7569 -0.3256 1 1 17
 165 1 8.55977  16.4143  10.812 0.6512 1 1 16
 165 2 7.89442  15.4657  10.8672 -0.3256 1 1 17
 166 0 26.0396  13.282  -1.7388 -0.3256 1 1 17
 166 1 26.8202  12.7353  -1.0774 0.6512 1 1 16
 166 2 27.6008  12.1887  -0.416001 -0.3256 1 1 17
 167 0 12.5655  35.7664  15.7411 -0.3256 1 1 17
 167 1 11.8937  35.3242  14.9051 0.6512 1 1 16
 167 2 11.222  34.882  14.0692 -0.3256 1 1 17
 168 0 17.8385  34.2311  36.9365 -0.3256 1 1 17
 168 1 17.6767  34.1409  38.0816 0.6512 1 1 16
 168 2 17.515  34.0506  39.2268 -0.3256 1 1 17
 169 0 23.0589  10.6216  12.6288 -0.3256 1 1 17
 169 1 22.0701  11.0764  12.2274 0.6512 1 1 16
 169 2 21.0813  11.5312  11.826 -0.3256 1 1 17
 170 0 1.8953  9.71646  34.7475 -0.3256 1 1 17
 170 1 2.05374  9.0416  33.8175 0.6512 1 1 16
 170 2 2.21218  8.36673  32.8874 -0.3256 1 1 17
 171 0 24.1705  5.26774  29.5597 -0.3256 1 1 17
 171 1 25.1789  5.6791  29.1603 0.6512 1 1 16
 171 2 26.1873  6.09046  28.7609 -0.3256 1 1 17
 172 0 20.292  25.3055  4.01117 -0.3256 1 1 17
 172 1 19.2382  24.8345  3.89614 0.6512 1 1 16
 172 2 18.1844  24.3635  3.78112 -0.3256 1 1 17
 173 0 9.3577  0.776778  13.1449 -0.3256 1 1 17
 173 1 9.60282  1.69651  13.808 0.6512 1 1 16
 173 2 9.84793  2.61625  14.471 -0.3256 1 1 17
 174 0 14.3184  32.9002  11.5952 -0.3256 1 1 17
 174 1 15.0564  32.0074  11.6582 0.6512 1 1 16
 174 2 15.7944  31.1147  11.7212 -0.3256 1 1 17
 175 0 8.62218  28.5317  18.0781 -0.3256 1 1 17
 175 1 8.67802  29.1105  19.0819 0.6512 1 1 16
 175 2 8.73386  29.6893  20.0856 -0.3256 1 1 17
 176 0 9.53372  24.1097  29.9365 -0.3256 1 1 17
 176 1 9.91073  23.0605  29.616 0.6512 1 1 16
 176 2 10.2877  22.0114  29.2955 -0.3256 1 1 17
 177 0 22.957  30.1797  27.4042 -0.3256 1 1 17
 177 1 22.9327  29.0239  27.308 0.6512 1 1 16
 177 2 22.9085  27.8682  27.2118 -0.3256 1 1 17
 178 0 19.976  28.4511  26.1844 -0.3256 1 1 17
 178 1 20.018  29.601  26.3307 0.6512 1 1 16
 178 2 20.0601  30.751  26.477 -0.3256 1 1 17
 179 0 27.8809  7.21938  5.60957 -0.3256 1 1 17
 179 1 28.1777  8.1488  6.237 0.6512 1 1 16
 179 2 28.4745  9.07822  6.86443 -0.3256 1 1 17
 180 0 9.81574  8.01307  32.5939 -0.3256 1 1 17
 180 1 8.69158  8.12808  32.332 0.6512 1 1 16
 180 2 7.56742  8.2431  32.07 -0.3256 1 1 17
 181 0 37.9891  11.9029  29.8788 -0.3256 1 1 17
 181 1 38.2041  12.4355  28.8709 0.6512 1 1 16
 181 2 38.419  12.9682  27.8631 -0.3256 1 1 17
 182 0 19.8616  22.5781  10.4154 -0.3256 1 1 17
 182 1 20.9409  22.2502  10.6859 0.6512 1 1 16
 182 2 22.0203  21.9223  10.9564 -0.3256 1 1 17
 183 0 20.351  18.9099  10.6461 -0.3256 1 1 17
 183 1 20.8858  18.1786  9.92168 0.6512 1 1 16
 183 2 21.4207  17.4473  9.19724 -0.3256 1 1 17
 184 0 3.97134  26.7372  32.8279 -0.3256 1 1 17
 184 1 2.81439  26.658  32.7995 0.6512 1 1 16
 184 2 1.65745  26.5788  32.7711 -0.3256 1 1 17
 185 0 26.0132  29.8858  24.4368 -0.3256 1 1 17
 185 1 25.9142  29.7414  25.5835 0.6512 1 1 16
 185 2 25.8152  29.5971  26.7302 -0.3256 1 1 17
 186 0 36.5318  15.5265  21.6155 -0.3256 1 1 17
 186 1 36.6311  14.9389  22.6107 0.6512 1 1 16
 186 2 36.7304  14.3513  23.6059 -0.3256 1 1 17
 187 0 34.1171  30.0598  2.07978 -0.3256 1 1 17
 187 1 35.1992  30.2654  1.71592 0.6512 1 1 16
 187 2 36.2813  30.4709  1.35206 -0.3256 1 1 17
 188 0 37.9766  37.4735  18.0167 -0.3256 1 1 17
 188 1 37.9506  38.4198  17.3462 0.6512 1 1 16
 188 2 37.9245  39.366  16.6758 -0.3256 1 1 17
 189 0 28.8191  1.77654  14.7221 -0.3256 1 1 17
 189 1 29.2901  2.27464  13.7863 0.6512 1 1 16
 189 2 29.7611  2.77273  12.8506 -0.3256 1 1 17
 190 0 6.77062  12.0145  32.7194 -0.3256 1 1 17
 190 1 6.82786  13.1727  32.7491 0.6512 1 1 16
 190 2 6.88509  14.3309  32.7788 -0.3256 1 1 17
 191 0 23.6226  15.8717  36.6715 -0.3256 1 1 17
 191 1 23.3695  15.39  37.6959 0.6512 1 1 16
 191 2 23.1163  14.9082  38.7203 -0.3256 1 1 17
 192 0 29.7985  19.0556  31.2783 -0.3256 1 1 17
 192 1 29.4592  18.0475  30.8152 0.6512 1 1 16
 192 2 29.12  17.0395  30.3522 -0.3256 1 1 17
 193 0 37.1563  18.3686  37.3403 -0.3256 1 1 17
 193 1 36.8317  17.7496  36.4145 0.6512 1 1 16
 193 2 36.5072  17.1307  35.4887 -0.3256 1 1 17
 194 0 14.0899  35.4922  6.62443 -0.3256 1 1 17
 194 1 14.1887  34.9189  7.628 0.6512 1 1 16
 194 2 14.2875  34.3456  8.63158 -0.3256 1 1 17
 195 0 32.7659  3.70263  27.5173 -0.3256 1 1 17
 195 1 33.4738  4.61023  27.3728 0.6512 1 1 16
 195 2 34.1816  5.51784  27.2284 -0.3256 1 1 17
 196 0 13.7724  11.6243  18.0117 -0.3256 1 1 17
 196 1 14.1686  11.5784  19.101 0.6512 1 1 16
 196 2 14.5648  11.5325  20.1902 -0.3256 1 1 17
 197 0 32.296  16.2384  0.505151 -0.3256 1 1 17
 197 1 32.3695  16.3928  1.65247 0.6512 1 1 16
 197 2 32.4431  16.5472  2.79979 -0.3256 1 1 17
 198 0 22.8196  0.427948  4.5872 -0.3256 1 1 17
 198 1 22.709  0.69559  3.46393 0.6512 1 1 16
 198 2 22.5984  0.963232  2.34066 -0.3256 1 1 17
 199 0 -0.923349  21.3363  14.4714 -0.3256 1 1 17
 199 1 0.199848  21.5515  14.2772 0.6512 1 1 16
 199 2 1.32305  21.7667  14.083 -0.3256 1 1 17
 200 0 21.6867  3.39805  20.6436 -0.3256 1 1 17
 200 1 21.2176  3.0505  19.6412 0.6512 1 1 16
 200 2 20.7484  2.70296  18.6388 -0.3256 1 1 17
 201 0 15.0063  34.4108  22.27 -0.3256 1 1 17
 201 1 15.2569  33.3718  22.7207 0.6512 1 1 16
 201 2 15.5074  32.3327  23.1715 -0.3256 1 1 17
 202 0 27.827  19.1079  16.8741 -0.3256 1 1 17
 202 1 28.8476  19.624  16.68 0.6512 1 1 16
 202 2 29.8682  20.14  16.4858 -0.3256 1 1 17
 203 0 8.61591  1.24913  2.35995 -0.3256 1 1 17
 203 1 8.61395  0.167865  1.93986 0.6512 1 1 16
 203 2 8.612  -0.913395  1.51978 -0.3256 1 1 17
 204 0 36.2505  34.5803  17.2814 -0.3256 1 1 17
 204 1 35.3145  35.2082  17.007 0.6512 1 1 16
 204 2 34.3785  35.836  16.7326 -0.3256 1 1 17
 205 0 17.2976  6.49717  27.251 -0.3256 1 1 17
 205 1 17.3483  7.59825  27.6124 0.6512 1 1 16
 205 2 17.399  8.69933  27.9739 -0.3256 1 1 17
 206 0 13.6607  8.63255  11.7163 -0.3256 1 1 17
 206 1 13.6235  7.52934  11.3597 0.6512 1 1 16
 206 2 13.5864  6.42612  11.0032 -0.3256 1 1 17
 207 0 32.7372  25.0586  15.0092 -0.3256 1 1 17
 207 1 32.1197  25.8089  14.3757 0.6512 1 1 16
 207 2 31.5022  26.5592  13.7422 -0.3256 1 1 17
 208 0 25.4874  27.421  31.9889 -0.3256 1 1 17
 208 1 24.4264  27.5636  32.4355 0.6512 1 1 16
 208 2 23.3653  27.7061  32.8822 -0.3256 1 1 17
 209 0 36.41  0.929845  31.2414 -0.3256 1 1 17
 209 1 35.7506  1.13347  30.3091 0.6512 1 1 16
 209 2 35.0911  1.33709  29.3767 -0.3256 1 1 17
 210 0 7.49745  5.16818  14.078 -0.3256 1 1 17
 210 1 8.32302  5.98126  14.0239 0.6512 1 1 16
 210 2 9.14859  6.79434  13.9698 -0.3256 1 1 17
 211 0 4.4657  8.26358  18.3055 -0.3256 1 1 17
 211 1 4.7077  8.01521  19.4124 0.6512 1 1 16
 211 2 4.94971  7.76684  20.5194 -0.3256 1 1 17
 212 0 21.6715  16.1829  16.0391 -0.3256 1 1 17
 212 1 21.3476  16.0258  14.9364 0.6512 1 1 16
 212 2 21.0236  15.8687  13.8337 -0.3256 1 1 17
 213 0 5.0249  23.3285  32.4361 -0.3256 1 1 17
 213 1 6.00181  22.7387  32.228 0.6512 1 1 16
 213 2 6.97871  22.1488  32.0199 -0.3256 1 1 17
 214 0 27.8831  26.2606  1.91243 -0.3256 1 1 17
 214 1 28.4131  26.0711  2.92669 0.6512 1 1 16
 214 2 28.9432  25.8816  3.94095 -0.3256 1 1 17
 215 0 30.0552  29.6364  2.60536 -0.3256 1 1 17
 215 1 29.8276  30.7736  2.58069 0.6512 1 1 16
 215 2 29.6  31.9108  2.55602 -0.3256 1 1 17
 216 0 12.1719  20.0213  6.26771 -0.3256 1 1 17
 216 1 11.1065  19.6917  6.58697 0.6512 1 1 16
 216 2 10.0411  19.362  6.90623 -0.3256 1 1 17
 217 0 12.0944  1.66501  7.7186 -0.3256 1 1 17
 217 1 12.2814  1.23395  8.77917 0.6512 1 1 16
 217 2 12.4685  0.802896  9.83974 -0.3256 1 1 17
 218 0 21.4436  16.1471  28.8253 -0.3256 1 1 17
 218 1 22.5422  15.7834  28.7455 0.6512 1 1 16
 218 2 23.6408  15.4197  28.6657 -0.3256 1 1 17
 219 0 29.2509  11.4017  24.2034 -0.3256 1 1 17
 219 1 30.0064  12.2329  23.9139 0.6512 1 1 16
 219 2 30.762  13.0641  23.6244 -0.3256 1 1 17
 220 0 14.2296  16.3048  0.184758 -0.3256 1 1 17
 220 1 13.6406  17.2195  -0.217724 0.6512 1 1 16
 220 2 13.0516  18.1342  -0.620206 -0.3256 1 1 17
 221 0 29.4424  28.7956  14.3853 -0.3256 1 1 17
 221 1 28.377  28.3427  14.4583 0.6512 1 1 16
 221 2 27.3116  27.8897  14.5313 -0.3256 1 1 17
 222 0 20.6989  3.55218  4.68217 -0.3256 1 1 17
 222 1 20.0372  3.22159  3.78862 0.6512 1 1 16
 222 2 19.3755  2.891  2.89506 -0.3256 1 1 17
 223 0 1.3524  6.66808  30.544 -0.3256 1 1 17
 223 1 0.194302  6.68792  30.4806 0.6512 1 1 16
 223 2 -0.963794  6.70776  30.4172 -0.3256 1 1 17
 224 0 3.08543  37.9472  29.993 -0.3256 1 1 17
 224 1 2.85228  37.3778  30.9764 0.6512 1 1 16
 224 2 2.61913  36.8085  31.9599 -0.3256 1 1 17
 225 0 11.4111  38.4991  4.673 -0.3256 1 1 17
 225 1 10.9875  37.4895  4.28961 0.6512 1 1 16
 225 2 10.5639  36.48  3.90623 -0.3256 1 1 17
 226 0 15.9593  31.164  37.4072 -0.3256 1 1 17
 226 1 15.0674  30.4225  37.4212 0.6512 1 1 16
 226 2 14.1754  29.681  37.4351 -0.3256 1 1 17
 227 0 3.90081  10.678  26.7805 -0.3256 1 1 17
 227 1 3.67769  11.0183  25.6943 0.6512 1 1 16
 227 2 3.45457  11.3586  24.608 -0.3256 1 1 17
 228 0 11.4843  21.205  15.3907 -0.3256 1 1 17
 228 1 12.5325  21.3575  15.8637 0.6512 1 1 16
 228 2 13.5807  21.5099  16.3366 -0.3256 1 1 17
 229 0 25.0178  21.5817  37.412 -0.3256 1 1 17
 229 1 26.0012  22.1321  37.137 0.6512 1 1 16
 229 2 26.9846  22.6825  36.862 -0.3256 1 1 17
 230 0 32.6689  3.38038  0.724454 -0.3256 1 1 17
 230 1 33.3242  2.99133  -0.15004 0.6512 1 1 16
 230 2 33.9796  2.60228  -1.02453 -0.3256 1 1 17
 231 0 15.3157  4.00579  0.258729 -0.3256 1 1 17
 231 1 15.3394  4.96847  0.905476 0.6512 1 1 16
 231 2 15.3631  5.93115  1.55222 -0.3256 1 1 17
 232 0 30.5484  20.2318  20.0862 -0.3256 1 1 17
 232 1 30.4449  21.3683  20.2946 0.6512 1 1 16
 232 2 30.3414  22.5047  20.503 -0.3256 1 1 17
 233 0 0.870861  29.8503  6.52408 -0.3256 1 1 17
 233 1 0.619884  29.5565  7.61785 0.6512 1 1 16
 233 2 0.368906  29.2628  8.71162 -0.3256 1 1 17
 234 0 1.20111  35.5416  24.2417 -0.3256 1 1 17
 234 1 1.31624  35.3515  25.3802 0.6512 1 1 16
 234 2 1.43138  35.1614  26.5187 -0.3256 1 1 17
 235 0 3.38775  26.2387  29.0688 -0.3256 1 1 17
 235 1 3.12468  26.5588  27.9853 0.6512 1 1 16
 235 2 2.8616  26.8788  26.9018 -0.3256 1 1 17
 236 0 29.8923  10.1055  1.96464 -0.3256 1 1 17
 236 1 29.4245  9.38114  1.1887 0.6512 1 1 16
 236 2 28.9568  8.65676  0.41276 -0.3256 1 1 17
 237 0 21.277  1.59695  23.3265 -0.3256 1 1 17
 237 1 21.0453  2.22955  24.2708 0.6512 1 1 16
 237 2 20.8136  2.86216  25.2151 -0.3256 1 1 17
 238 0 25.4652  10.2148  1.37162 -0.3256 1 1 17
 238 1 26.092  9.53482  2.07183 0.6512 1 1 16
 238 2 26.7189  8.85484  2.77204 -0.3256 1 1 17
 239 0 17.1932  36.7333  5.8577 -0.3256 1 1 17
 239 1 17.3068  37.0863  6.95684 0.6512 1 1 16
 239 2 17.4205  37.4392  8.05598 -0.3256 1 1 17
 240 0 19.8283  23.9317  35.539 -0.3256 1 1 17
 240 1 19.8319  24.0299  36.6949 0.6512 1 1 16
 240 2 19.8356  24.128  37.8507 -0.3256 1 1 17
 241 0 18.2276  27.7276  15.4386 -0.3256 1 1 17
 241 1 17.1744  28.1588  15.6633 0.6512 1 1 16
 241 2 16.1213  28.5901  15.8881 -0.3256 1 1 17
 242 0 37.7937  26.2558  8.75831 -0.3256 1 1 17
 242 1 38.6836  26.3792  9.49211 0.6512 1 1 16
 242 2 39.5735  26.5027  10.2259 -0.3256 1 1 17
 243 0 16.519  28.8617  9.31807 -0.3256 1 1 17
 243 1 16.8679  27.9236  8.73167 0.6512 1 1 16
 243 2 17.2168  26.9855  8.14527 -0.3256 1 1 17
 244 0 2.57726  5.65213  24.7761 -0.3256 1 1 17
 244 1 1.65119  6.19426  25.2167 0.6512 1 1 16
 244 2 0.725117  6.73639  25.6573 -0.3256 1 1 17
 245 0 17.9559  29.7053  1.29802 -0.3256 1 1 17
 245 1 18.3348  30.0166  2.34929 0.6512 1 1 16
 245 2 18.7136  30.3279  3.40056 -0.3256 1 1 17
 246 0 9.50028  7.68399  29.1665 -0.3256 1 1 17
 246 1 10.3289  8.4352  29.4743 0.6512 1 1 16
 246 2 11.1575  9.1864  29.7821 -0.3256 1 1 17
 247 0 12.2829  16.3292  18.1345 -0.3256 1 1 17
 247 1 12.6774  17.3941  17.8983 0.6512 1 1 16
 247 2 13.0719  18.4591  17.6621 -0.3256 1 1 17
 248 0 12.2425  25.0628  9.5915 -0.3256 1 1 17
 248 1 13.0596  25.8687  9.42211 0.6512 1 1 16
 248 2 13.8766  26.6745  9.25272 -0.3256 1 1 17
 249 0 25.803  13.6109  9.42172 -0.3256 1 1 17
 249 1 26.3224  14.6131  9.68918 0.6512 1 1 16
 249 2 26.8417  15.6153  9.95664 -0.3256 1 1 17
 250 0 10.8867  17.8284  29.0582 -0.3256 1 1 17
 250 1 10.7813  18.5288  29.9769 0.6512 1 1 16
 250 2 10.6758  19.2292  30.8955 -0.3256 1 1 17
 251 0 24.4052  32.211  33.3504 -0.3256 1 1 17
 251 1 24.043  32.7977  32.4176 0.6512 1 1 16
 251 2 23.6807  33.3845  31.4848 -0.3256 1 1 17
 252 0 29.1562  2.98707  9.58684 -0.3256 1 1 17
 252 1 29.3537  4.09558  9.86584 0.6512 1 1 16
 252 2 29.5511  5.20408  10.1448 -0.3256 1 1 17
 253 0 26.1569  34.9332  33.93 -0.3256 1 1 17
 253 1 27.2115  35.2924  34.253 0.6512 1 1 16
 253 2 28.2662  35.6516  34.576 -0.3256 1 1 17
 254 0 18.6003  28.8566  18.7358 -0.3256 1 1 17
 254 1 19.515  28.1915  18.4779 0.6512 1 1 16
 254 2 20.4297  27.5263  18.2199 -0.3256 1 1 17
 255 0 10.7657  20.4696  12.3839 -0.3256 1 1 17
 255 1 11.677  19.8499  12.022 0.6512 1 1 16
 255 2 12.5884  19.2301  11.6601 -0.3256 1 1 17
 256 0 27.7957  1.13929  11.2285 -0.3256 1 1 17
 256 1 27.0149  0.64321  11.9285 0.6512 1 1 16
 256 2 26.2341  0.14713  12.6284 -0.3256 1 1 17
 257 0 5.94237  29.5079  9.79041 -0.3256 1 1 17
 257 1 6.7571  28.8126  10.2359 0.6512 1 1 16
 257 2 7.57183  28.1173  10.6813 -0.3256 1 1 17
 258 0 2.97209  25.6718  7.29606 -0.3256 1 1 17
 258 1 3.77229  26.436  6.94774 0.6512 1 1 16
 258 2 4.57249  27.2001  6.59941 -0.3256 1 1 17
 259 0 28.3242  0.20069  6.20812 -0.3256 1 1 17
 259 1 28.7833  0.664266  5.24898 0.6512 1 1 16
 259 2 29.2424  1.12784  4.28985 -0.3256 1 1 17
 260 0 3.98286  10.5722  36.7106 -0.3256 1 1 17
 260 1 3.68243  11.517  37.3127 0.6512 1 1 16
 260 2 3.38199  12.4619  37.9148 -0.3256 1 1 17
 261 0 11.3382  8.67843  1.79184 -0.3256 1 1 17
 261 1 12.3282  8.99205  2.30879 0.6512 1 1 16
 261 2 13.3181  9.30567  2.82574 -0.3256 1 1 17
 262 0 7.36032  4.18612  4.34204 -0.3256 1 1 17
 262 1 7.57934  5.32507  4.36245 0.6512 1 1 16
 262 2 7.79836  6.46403  4.38287 -0.3256 1 1 17
 263 0 10.9294  24.7322  36.4616 -0.3256 1 1 17
 263 1 11.762  25.5261  36.6103 0.6512 1 1 16
 263 2 12.5945  26.3201  36.759 -0.3256 1 1 17
 264 0 1.77773  7.29973  10.2598 -0.3256 1 1 17
 264 1 2.2087  7.60737  11.2919 0.6512 1 1 16
 264 2 2.63967  7.915  12.324 -0.3256 1 1 17
 265 0 3.46717  19.6364  31.1388 -0.3256 1 1 17
 265 1 3.58417  18.6102  30.6107 0.6512 1 1 16
 265 2 3.70117  17.584  30.0827 -0.3256 1 1 17
 266 0 25.0202  35.7796  2.82424 -0.3256 1 1 17
 266 1 25.1298  35.1823  1.83585 0.6512 1 1 16
 266 2 25.2393  34.5851  0.847461 -0.3256 1 1 17
 267 0 30.6048  23.6151  9.732 -0.3256 1 1 17
 267 1 30.3349  24.5875  10.304 0.6512 1 1 16
 267 2 30.065  25.5599  10.876 -0.3256 1 1 17
 268 0 9.01798  31.4597  12.8918 -0.3256 1 1 17
 268 1 8.81591  30.7292  13.7699 0.6512 1 1 16
 268 2 8.61385  29.9987  14.648 -0.3256 1 1 17
 269 0 30.8075  32.4573  30.0276 -0.3256 1 1 17
 269 1 30.1722  33.1831  29.3834 0.6512 1 1 16
 269 2 29.5368  33.909  28.7392 -0.3256 1 1 17
 270 0 31.6669  29.5733  21.1344 -0.3256 1 1 17
 270 1 31.9389  28.9252  22.0573 0.6512 1 1 16
 270 2 32.2109  28.2772  22.9802 -0.3256 1 1 17
 271 0 22.0866  24.4058  6.68564 -0.3256 1 1 17
 271 1 23.198  24.1395  6.88481 0.6512 1 1 16
 271 2 24.3093  23.8732  7.08398 -0.3256 1 1 17
 272 0 35.0618  3.23468  2.9369 -0.3256 1 1 17
 272 1 35.098  4.39293  2.98923 0.6512 1 1 16
 272 2 35.1343  5.55119  3.04156 -0.3256 1 1 17
 273 0 21.3896  29.1072  12.7897 -0.3256 1 1 17
 273 1 20.3877  28.7655  12.3153 0.6512 1 1 16
 273 2 19.3858  28.4238  11.8409 -0.3256 1 1 17
 274 0 27.3091  22.5947  1.89183 -0.3256 1 1 17
 274 1 27.4542  21.496  1.54919 0.6512 1 1 16
 274 2 27.5992  20.3973  1.20656 -0.3256 1 1 17
 275 0 8.36203  21.3212  9.89597 -0.3256 1 1 17
 275 1 9.34293  21.8066  9.51156 0.6512 1 1 16
 275 2 10.3238  22.2921  9.12715 -0.3256 1 1 17
 276 0 34.7679  35.7076  32.0463 -0.3256 1 1 17
 276 1 34.0426  35.2937  31.2412 0.6512 1 1 16
 276 2 33.3173  34.8797  30.4361 -0.3256 1 1 17
 277 0 32.101  24.0925  17.8218 -0.3256 1 1 17
 277 1 32.4975  25.1753  17.6955 0.6512 1 1 16
 277 2 32.894  26.2581  17.5692 -0.3256 1 1 17
 278 0 33.9702  13.517  24.815 -0.3256 1 1 17
 278 1 34.466  12.5421  25.2014 0.6512 1 1 16
 278 2 34.9618  11.5672  25.5879 -0.3256 1 1 17
 279 0 13.9193  22.3846  37.7202 -0.3256 1 1 17
 279 1 12.8937  21.9712  38.0705 0.6512 1 1 16
 279 2 11.868  21.5578  38.4208 -0.3256 1 1 17
 280 0 12.6396  2.3963  12.4135 -0.3256 1 1 17
 280 1 12.2865  3.1821  11.6367 0.6512 1 1 16
 280 2 11.9333  3.9679  10.8599 -0.3256 1 1 17
 281 0 34.6175  28.2397  21.1532 -0.3256 1 1 17
 281 1 34.6552  28.5374  20.0327 0.6512 1 1 16
 281 2 34.6929  28.8351  18.9122 -0.3256 1 1 17
 282 0 6.90072  2.55439  34.9638 -0.3256 1 1 17
 282 1 7.99622  2.90292  34.8089 0.6512 1 1 16
 282 2 9.09172  3.25144  34.6539 -0.3256 1 1 17
 283 0 25.1875  21.342  4.09536 -0.3256 1 1 17
 283 1 24.7883  20.7862  3.15868 0.6512 1 1 16
 283 2 24.3891  20.2305  2.222 -0.3256 1 1 17
 284 0 1.68962  38.3542  26.4957 -0.3256 1 1 17
 284 1 1.56957  38.8868  25.4722 0.6512 1 1 16
 284 2 1.44951  39.4193  24.4486 -0.3256 1 1 17
 285 0 27.8002  19.8008  36.5521 -0.3256 1 1 17
 285 1 28.2628  20.2266  35.5773 0.6512 1 1 16
 285 2 28.7253  20.6523  34.6024 -0.3256 1 1 17
 286 0 9.1535  23.0808  5.87994 -0.3256 1 1 17
 286 1 8.68905  22.0578  5.59115 0.6512 1 1 16
 286 2 8.22461  21.0348  5.30236 -0.3256 1 1 17
 287 0 8.36793  33.076  31.0369 -0.3256 1 1 17
 287 1 7.84674  32.4069  31.8282 0.6512 1 1 16
 287 2 7.32555  31.7377  32.6196 -0.3256 1 1 17
 288 0 37.1253  10.2716  22.696 -0.3256 1 1 17
 288 1 37.0614  9.66961  23.6855 0.6512 1 1 16
 288 2 36.9974  9.06762  24.675 -0.3256 1 1 17
 289 0 3.16992  31.9715  28.2657 -0.3256 1 1 17
 289 1 4.18873  31.7783  27.7458 0.6512 1 1 16
 289 2 5.20755  31.585  27.226 -0.3256 1 1 17
 290 0 32.4521  37.7301  1.63947 -0.3256 1 1 17
 290 1 31.3739  38.1569  1.66826 0.6512 1 1 16
 290 2 30.2957  38.5838  1.69705 -0.3256 1 1 17
 291 0 13.3049  32.533  36.1372 -0.3256 1 1 17
 291 1 14.012  33.439  36.2947 0.6512 1 1 16
 291 2 14.7191  34.3449  36.4522 -0.3256 1 1 17
 292 0 8.3163  27.5165  36.1837 -0.3256 1 1 17
 292 1 8.52183  26.793  37.0669 0.6512 1 1 16
 292 2 8.72736  26.0696  37.95 -0.3256 1 1 17
 293 0 38.0869  27.902  17.7556 -0.3256 1 1 17
 293 1 38.8711  28.7544  17.6922 0.6512 1 1 16
 293 2 39.6553  29.6068  17.6288 -0.3256 1 1 17
 294 0 7.49763  34.7291  12.0868 -0.3256 1 1 17
 294 1 7.38249  35.8784  11.9791 0.6512 1 1 16
 294 2 7.26734  37.0276  11.8714 -0.3256 1 1 17
 295 0 6.44477  24.6854  14.1756 -0.3256 1 1 17
 295 1 7.1269  24.908  15.0871 0.6512 1 1 16
 295 2 7.80903  25.1306  15.9985 -0.3256 1 1 17
 296 0 13.4451  10.0722  37.7416 -0.3256 1 1 17
 296 1 12.8411  9.32486  37.0917 0.6512 1 1 16
 296 2 12.2372  8.57752  36.4419 -0.3256 1 1 17
 297 0 1.20229  3.47224  4.05589 -0.3256 1 1 17
 297 1 1.21177  4.55552  4.47065 0.6512 1 1 16
 297 2 1.22125  5.63879  4.88542 -0.3256 1 1 17
 298 0 3.08608  8.53666  24.0599 -0.3256 1 1 17
 298 1 2.64358  8.12159  23.0712 0.6512 1 1 16
 298 2 2.20108  7.70653  22.0825 -0.3256 1 1 17
 299 0 11.0563  2.6835  29.1592 -0.3256 1 1 17
 299 1 11.1587  1.61343  29.5951 0.6512 1 1 16
 299 2 11.2612  0.54337  30.0311 -0.3256 1 1 17
 300 0 15.1575  21.3633  29.2413 -0.3256 1 1 17
 300 1 14.7943  20.3695  29.7167 0.6512 1 1 16
 300 2 14.4311  19.3757  30.1921 -0.3256 1 1 17
 301 0 4.17165  20.8392  3.56334 -0.3256 1 1 17
 301 1 4.20697  21.2893  2.49482 0.6512 1 1 16
 301 2 4.24228  21.7394  1.42629 -0.3256 1 1 17
 302 0 12.1145  25.5964  1.57557 -0.3256 1 1 17
 302 1 11.4067  24.6799  1.50777 0.6512 1 1 16
 302 2 10.6989  23.7634  1.43998 -0.3256 1 1 17
 303 0 17.7546  2.15631  31.9295 -0.3256 1 1 17
 303 1 17.5171  3.26726  31.6951 0.6512 1 1 16
 303 2 17.2796  4.37822  31.4606 -0.3256 1 1 17
 304 0 36.4612  36.7979  29.3867 -0.3256 1 1 17
 304 1 36.9763  37.5183  28.6376 0.6512 1 1 16
 304 2 37.4914  38.2388  27.8884 -0.3256 1 1 17
 305 0 16.2464  23.419  1.80992 -0.3256 1 1 17
 305 1 15.7295  24.3986  2.15482 0.6512 1 1 16
 305 2 15.2127  25.3781  2.49972 -0.3256 1 1 17
 306 0 11.1218  35.9944  11.0217 -0.3256 1 1 17
 306 1 11.1349  34.8817  10.6941 0.6512 1 1 16
 306 2 11.1481  33.769  10.3665 -0.3256 1 1 17
 307 0 31.2347  36.4939  11.2758 -0.3256 1 1 17
 307 1 31.7943  36.6953  10.2798 0.6512 1 1 16
 307 2 32.3539  36.8968  9.28392 -0.3256 1 1 17
 308 0 9.47649  25.7879  25.9048 -0.3256 1 1 17
 308 1 9.06389  24.7431  26.1942 0.6512 1 1 16
 308 2 8.65128  23.6983  26.4837 -0.3256 1 1 17
 309 0 34.4482  29.6106  31.9245 -0.3256 1 1 17
 309 1 35.5728  29.8905  31.876 0.6512 1 1 16
 309 2 36.6975  30.1704  31.8274 -0.3256 1 1 17
 310 0 15.5391  0.776448  35.2235 -0.3256 1 1 17
 310 1 16.6675  0.58722  35.0326 0.6512 1 1 16
 310 2 17.7959  0.397993  34.8417 -0.3256 1 1 17
 311 0 34.1213  10.1232  20.4362 -0.3256 1 1 17
 311 1 33.6767  10.7518  21.3038 0.6512 1 1 16
 311 2 33.232  11.3804  22.1715 -0.3256 1 1 17
 312 0 29.6206  35.1094  24.3646 -0.3256 1 1 17
 312 1 30.4472  35.07  25.1775 0.6512 1 1 16
 312 2 31.2738  35.0307  25.9904 -0.3256 1 1 17
 313 0 23.7499  9.3752  9.2581 -0.3256 1 1 17
 313 1 23.2784  8.58358  8.55338 0.6512 1 1 16
 313 2 22.8069  7.79196  7.84867 -0.3256 1 1 17
 314 0 4.8865  34.8224  29.3296 -0.3256 1 1 17
 314 1 4.79342  33.8931  30.0176 0.6512 1 1 16
 314 2 4.70033  32.9639  30.7056 -0.3256 1 1 17
 315 0 30.4617  4.96005  30.7773 -0.3256 1 1 17
 315 1 30.3225  5.02559  29.6276 0.6512 1 1 16
 315 2 30.1833  5.09114  28.4778 -0.3256 1 1 17
 316 0 32.6787  37.2622  27.8876 -0.3256 1 1 17
 316 1 33.0785  38.0087  27.0949 0.6512 1 1 16
 316 2 33.4783  38.7553  26.3022 -0.3256 1 1 17
 317 0 32.3404  6.75991  0.952774 -0.3256 1 1 17
 317 1 32.1477  7.46841  0.0547281 0.6512 1 1 16
 317 2 31.955  8.17692  -0.843318 -0.3256 1 1 17
 318 0 24.1807  18.056  17.5141 -0.3256 1 1 17
 318 1 25.0286  17.4676  18.0437 0.6512 1 1 16
 318 2 25.8766  16.8792  18.5732 -0.3256 1 1 17
 319 0 4.79433  19.3051  34.6318 -0.3256 1 1 17
 319 1 4.19943  19.071  35.5997 0.6512 1 1 16
 319 2 3.60453  18.8368  36.5677 -0.3256 1 1 17
 320 0 10.0303  0.880999  27.1394 -0.3256 1 1 17
 320 1 11.0972  1.08132  26.7305 0.6512 1 1 16
 320 2 12.164  1.28165  26.3216 -0.3256 1 1 17
 321 0 18.8063  3.53667  0.0882308 -0.3256 1 1 17
 321 1 19.9502  3.42698  -0.0698356 0.6512 1 1 16
 321 2 21.0942  3.31729  -0.227902 -0.3256 1 1 17
 322 0 2.47141  18.1403  17.3157 -0.3256 1 1 17
 322 1 1.74727  19.0141  17.5557 0.6512 1 1 16
 322 2 1.02314  19.8879  17.7958 -0.3256 1 1 17
 323 0 20.6814  10.6019  25.9644 -0.3256 1 1 17
 323 1 20.3815  11.5988  26.476 0.6512 1 1 16
 323 2 20.0816  12.5957  26.9877 -0.3256 1 1 17
 324 0 24.7042  20.0701  7.47002 -0.3256 1 1 17
 324 1 25.109  19.3282  8.26455 0.6512 1 1 16
 324 2 25.5138  18.5863  9.05909 -0.3256 1 1 17
 325 0 20.5444  18.9975  6.34112 -0.3256 1 1 17
 325 1 20.8974  19.7009  7.19324 0.6512 1 1 16
 325 2 21.2505  20.4044  8.04537 -0.3256 1 1 17
 326 0 4.15997  7.04965  7.72642 -0.3256 1 1 17
 326 1 4.20058  6.24693  6.89001 0.6512 1 1 16
 326 2 4.24118  5.44421  6.0536 -0.3256 1 1 17
 327 0 35.719  30.0675  10.151 -0.3256 1 1 17
 327 1 34.8933  30.4871  10.8494 0.6512 1 1 16
 327 2 34.0675  30.9067  11.5477 -0.3256 1 1 17
 328 0 30.1588  18.0329  18.3383 -0.3256 1 1 17
 328 1 31.1522  17.6506  17.8772 0.6512 1 1 16
 328 2 32.1456  17.2684  17.4161 -0.3256 1 1 17
 329 0 35.2328  3.49779  19.801 -0.3256 1 1 17
 329 1 35.0069  4.62505  19.6467 0.6512 1 1 16
 329 2 34.781  5.75232  19.4923 -0.3256 1 1 17
 330 0 13.0471  30.2397  30.2876 -0.3256 1 1 17
 330 1 13.5784  30.7167  29.3734 0.6512 1 1 16
 330 2 14.1097  31.1938  28.4592 -0.3256 1 1 17
 331 0 33.1395  19.0167  23.1416 -0.3256 1 1 17
 331 1 32.2529  19.7646  23.1535 0.6512 1 1 16
 331 2 31.3663  20.5125  23.1655 -0.3256 1 1 17
 332 0 2.70089  20.6907  27.8268 -0.3256 1 1 17
 332 1 2.55306  19.9743  26.9265 0.6512 1 1 16
 332 2 2.40523  19.2579  26.0262 -0.3256 1 1 17
 333 0 9.97963  24.1525  32.9494 -0.3256 1 1 17
 333 1 11.0307  24.1822  32.4595 0.6512 1 1 16
 333 2 12.0818  24.2118  31.9697 -0.3256 1 1 17
 334 0 17.6789  27.6967  22.0269 -0.3256 1 1 17
 334 1 16.5387  27.9009  21.9637 0.6512 1 1 16
 334 2 15.3986  28.105  21.9006 -0.3256 1 1 17
 335 0 9.73508  32.8073  20.8418 -0.3256 1 1 17
 335 1 9.57367  33.77  21.4685 0.6512 1 1 16
 335 2 9.41226  34.7327  22.0951 -0.3256 1 1 17
 336 0 9.29371  9.42052  35.7125 -0.3256 1 1 17
 336 1 9.34025  9.61342  36.8554 0.6512 1 1 16
 336 2 9.3868  9.80632  37.9983 -0.3256 1 1 17
 337 0 27.5994  34.3956  19.83 -0.3256 1 1 17
 337 1 26.774  34.6982  19.0732 0.6512 1 1 16
 337 2 25.9486  35.0008  18.3164 -0.3256 1 1 17
 338 0 24.8106  29.9128  34.8843 -0.3256 1 1 17
 338 1 24.2176  29.0172  35.3223 0.6512 1 1 16
 338 2 23.6245  28.1216  35.7603 -0.3256 1 1 17
 339 0 35.3142  27.1108  24.6787 -0.3256 1 1 17
 339 1 36.2556  27.655  24.2747 0.6512 1 1 16
 339 2 37.1971  28.1992  23.8707 -0.3256 1 1 17
 340 0 37.1021  30.2368  16.0947 -0.3256 1 1 17
 340 1 36.6318  31.2177  15.6918 0.6512 1 1 16
 340 2 36.1616  32.1985  15.2889 -0.3256 1 1 17
 341 0 6.70474  22.2031  29.2147 -0.3256 1 1 17
 341 1 5.84578  22.982  29.2493 0.6512 1 1 16
 341 2 4.98682  23.7608  29.2838 -0.3256 1 1 17
 342 0 23.9558  19.2059  24.2717 -0.3256 1 1 17
 342 1 23.7576  18.6438  23.2766 0.6512 1 1 16
 342 2 23.5594  18.0817  22.2814 -0.3256 1 1 17
 343 0 13.7754  2.03645  4.81908 -0.3256 1 1 17
 343 1 14.5561  1.62161  5.57006 0.6512 1 1 16
 343 2 15.3368  1.20677  6.32104 -0.3256 1 1 17
 344 0 22.592  26.0015  12.311 -0.3256 1 1 17
 344 1 23.3629  26.3395  13.1091 0.6512 1 1 16
 344 2 24.1339  26.6775  13.9072 -0.3256 1 1 17
 345 0 4.04131  35.5564  12.0545 -0.3256 1 1 17
 345 1 4.20981  35.5663  10.9068 0.6512 1 1 16
 345 2 4.37832  35.5761  9.75918 -0.3256 1 1 17
 346 0 4.36333  28.892  23.9681 -0.3256 1 1 17
 346 1 3.64276  29.4908  24.652 0.6512 1 1 16
 346 2 2.92218  30.0897  25.3359 -0.3256 1 1 17
 347 0 3.64541  1.24062  36.8296 -0.3256 1 1 17
 347 1 2.8685  0.55908  37.3564 0.6512 1 1 16
 347 2 2.09159  -0.122463  37.8832 -0.3256 1 1 17
 348 0 23.3381  15.7638  25.2211 -0.3256 1 1 17
 348 1 22.1805  15.839  25.2144 0.6512 1 1 16
 348 2 21.023  15.9142  25.2078 -0.3256 1 1 17
 349 0 23.366  25.1125  36.9858 -0.3256 1 1 17
 349 1 24.4975  25.3681  36.9854 0.6512 1 1 16
 349 2 25.629  25.6238  36.9849 -0.3256 1 1 17
 350 0 33.0175  18.6655  27.2124 -0.3256 1 1 17
 350 1 34.0806  19.0872  27.0182 0.6512 1 1 16
 350 2 35.1436  19.5089  26.824 -0.3256 1 1 17
 351 0 7.49196  6.69059  18.5566 -0.3256 1 1 17
 351 1 7.36309  5.55089  18.73 0.6512 1 1 16
 351 2 7.23422  4.41118  18.9034 -0.3256 1 1 17
 352 0 36.9797  13.3579  8.59449 -0.3256 1 1 17
 352 1 36.5087  12.9985  9.5918 0.6512 1 1 16
 352 2 36.0378  12.6391  10.5891 -0.3256 1 1 17
 353 0 10.8374  25.4588  14.2308 -0.3256 1 1 17
 353 1 10.0718  25.4562  13.3594 0.6512 1 1 16
 353 2 9.30618  25.4535  12.4879 -0.3256 1 1 17
 354 0 37.8654  33.3604  22.3511 -0.3256 1 1 17
 354 1 38.3212  32.3468  22.6832 0.6512 1 1 16
 354 2 38.7771  31.3331  23.0152 -0.3256 1 1 17
 355 0 11.2466  13.6875  15.9966 -0.3256 1 1 17
 355 1 11.1098  13.3729  17.1047 0.6512 1 1 16
 355 2 10.9731  13.0583  18.2128 -0.3256 1 1 17
 356 0 36.1692  28.0532  12.4549 -0.3256 1 1 17
 356 1 35.3624  27.3187  12.0609 0.6512 1 1 16
 356 2 34.5556  26.5842  11.6669 -0.3256 1 1 17
 357 0 14.5707  16.5255  3.21626 -0.3256 1 1 17
 357 1 14.3589  17.6456  3.43097 0.6512 1 1 16
 357 2 14.147  18.7657  3.64568 -0.3256 1 1 17
 358 0 37.1671  16.0383  32.2331 -0.3256 1 1 17
 358 1 37.2853  14.8846  32.2127 0.6512 1 1 16
 358 2 37.4036  13.7308  32.1923 -0.3256 1 1 17
 359 0 22.9038  5.51648  37.234 -0.3256 1 1 17
 359 1 22.1196  6.33626  37.4761 0.6512 1 1 16
 359 2 21.3355  7.15605  37.7183 -0.3256 1 1 17
 360 0 35.3022  32.6004  29.1379 -0.3256 1 1 17
 360 1 36.172  33.2399  29.5624 0.6512 1 1 16
 360 2 37.0417  33.8794  29.9869 -0.3256 1 1 17
 361 0 1.53713  34.7526  19.2326 -0.3256 1 1 17
 361 1 1.50153  34.2785  18.1745 0.6512 1 1 16
 361 2 1.46593  33.8044  17.1164 -0.3256 1 1 17
 362 0 7.76146  13.2255  25.9002 -0.3256 1 1 17
 362 1 8.10535  12.1829  25.5257 0.6512 1 1 16
 362 2 8.44923  11.1403  25.1513 -0.3256 1 1 17
 363 0 17.1462  27.2197  3.90727 -0.3256 1 1 17
 363 1 18.1678  27.4333  4.41355 0.6512 1 1 16
 363 2 19.1894  27.6469  4.91983 -0.3256 1 1 17
 364 0 13.0626  8.81555  8.29758 -0.3256 1 1 17
 364 1 12.8776  7.68459  8.1178 0.6512 1 1 16
 364 2 12.6927  6.55363  7.93803 -0.3256 1 1 17
 365 0 7.43208  32.768  4.25508 -0.3256 1 1 17
 365 1 7.32773  33.914  4.10839 0.6512 1 1 16
 365 2 7.22338  35.0599  3.9617 -0.3256 1 1 17
 366 0 30.3199  36.9408  15.8952 -0.3256 1 1 17
 366 1 31.2056  37.297  16.5542 0.6512 1 1 16
 366 2 32.0913  37.6533  17.2132 -0.3256 1 1 17
 367 0 4.24977  24.4015  10.3219 -0.3256 1 1 17
 367 1 4.11345  25.5505  10.4049 0.6512 1 1 16
 367 2 3.97713  26.6995  10.488 -0.3256 1 1 17
 368 0 31.7359  3.07708  33.1956 -0.3256 1 1 17
 368 1 30.7881  3.40576  33.7781 0.6512 1 1 16
 368 2 29.8403  3.73443  34.3605 -0.3256 1 1 17
 369 0 27.4385  25.7467  27.5962 -0.3256 1 1 17
 369 1 26.5731  25.8975  26.8386 0.6512 1 1 16
 369 2 25.7077  26.0483  26.081 -0.3256 1 1 17
 370 0 26.8841  31.7272  15.0102 -0.3256 1 1 17
 370 1 27.6287  31.7715  14.1218 0.6512 1 1 16
 370 2 28.3733  31.8158  13.2335 -0.3256 1 1 17
 371 0 17.8569  34.3042  13.9944 -0.3256 1 1 17
 371 1 18.6149  35.1774  14.0869 0.6512 1 1 16
 371 2 19.3728  36.0506  14.1794 -0.3256 1 1 17
 372 0 21.8397  28.6254  20.7697 -0.3256 1 1 17
 372 1 21.4169  29.6649  20.4759 0.6512 1 1 16
 372 2 20.994  30.7043  20.1822 -0.3256 1 1 17
 373 0 7.79273  12.2094  2.08143 -0.3256 1 1 17
 373 1 8.65384  11.7929  2.73766 0.6512 1 1 16
 373 2 9.51494  11.3764  3.39389 -0.3256 1 1 17
 374 0 16.7189  20.2362  6.39849 -0.3256 1 1 17
 374 1 17.4069  21.1687  6.34442 0.6512 1 1 16
 374 2 18.0948  22.1011  6.29035 -0.3256 1 1 17
 375 0 7.98845  31.1619  17.5567 -0.3256 1 1 17
 375 1 6.87119  31.1604  17.2448 0.6512 1 1 16
 375 2 5.75393  31.1588  16.9328 -0.3256 1 1 17
 376 0 22.8942  4.14418  1.93176 -0.3256 1 1 17
 376 1 22.1811  5.05399  2.02872 0.6512 1 1 16
 376 2 21.4681  5.9638  2.12569 -0.3256 1 1 17
 377 0 33.2346  40.8588  5.52958 -0.3256 1 1 17
 377 1 34.0523  40.688  6.33437 0.6512 1 1 16
 377 2 34.8701  40.5171  7.13916 -0.3256 1 1 17
 378 0 33.2527  20.8326  17.6571 -0.3256 1 1 17
 378 1 33.9435  21.2063  16.8035 0.6512 1 1 16
 378 2 34.6344  21.5801  15.9499 -0.3256 1 1 17
 379 0 0.0977927  22.6706  2.67744 -0.3256 1 1 17
 379 1 -1.0529  22.7011  2.53395 0.6512 1 1 16
 379 2 -2.20358  22.7316  2.39047 -0.3256 1 1 17
 380 0 11.2343  17.8605  14.9278 -0.3256 1 1 17
 380 1 10.4918  18.423  15.6191 0.6512 1 1 16
 380 2 9.7492  18.9854  16.3104 -0.3256 1 1 17
 381 0 31.0344  35.6464  6.97863 -0.3256 1 1 17
 381 1 30.5021  35.575  5.95046 0.6512 1 1 16
 381 2 29.9697  35.5037  4.92229 -0.3256 1 1 17
 382 0 16.1681  38.2092  10.6907 -0.3256 1 1 17
 382 1 17.1733  37.7589  11.0543 0.6512 1 1 16
 382 2 18.1786  37.3086  11.4179 -0.3256 1 1 17
 383 0 9.41896  26.8439  2.366 -0.3256 1 1 17
 383 1 9.49562  26.939  3.51955 0.6512 1 1 16
 383 2 9.57229  27.0342  4.67309 -0.3256 1 1 17
 384 0 5.3141  4.0363  25.0277 -0.3256 1 1 17
 384 1 5.86532  3.18779  24.4604 0.6512 1 1 16
 384 2 6.41655  2.33928  23.8932 -0.3256 1 1 17
 385 0 34.6991  25.3212  33.93 -0.3256 1 1 17
 385 1 35.5357  25.5662  34.6953 0.6512 1 1 16
 385 2 36.3723  25.8112  35.4606 -0.3256 1 1 17
 386 0 11.437  6.28603  24.1839 -0.3256 1 1 17
 386 1 10.4962  6.55703  24.806 0.6512 1 1 16
 386 2 9.55542  6.82803  25.4281 -0.3256 1 1 17
 387 0 32.8428  0.0291117  32.056 -0.3256 1 1 17
 387 1 32.0158  -0.38529  31.356 0.6512 1 1 16
 387 2 31.1889  -0.799691  30.656 -0.3256 1 1 17
 388 0 19.7407  33.9884  32.7274 -0.3256 1 1 17
 388 1 19.7775  35.1102  32.4348 0.6512 1 1 16
 388 2 19.8143  36.2321  32.1422 -0.3256 1 1 17
 389 0 5.38341  37.0421  14.3459 -0.3256 1 1 17
 389 1 4.61527  37.8931  14.169 0.6512 1 1 16
 389 2 3.84714  38.7442  13.9922 -0.3256 1 1 17
 390 0 35.9011  20.8583  19.2954 -0.3256 1 1 17
 390 1 35.8942  19.8502  18.7215 0.6512 1 1 16
 390 2 35.8873  18.8421  18.1477 -0.3256 1 1 17
 391 0 37.0012  15.6716  12.9199 -0.3256 1 1 17
 391 1 37.5263  16.5294  13.4978 0.6512 1 1 16
 391 2 38.0515  17.3873  14.0757 -0.3256 1 1 17
 392 0 34.4657  29.2359  7.77955 -0.3256 1 1 17
 392 1 33.5819  29.0911  8.51689 0.6512 1 1 16
 392 2 32.6982  28.9464  9.25423 -0.3256 1 1 17
 393 0 33.8679  11.3013  37.3219 -0.3256 1 1 17
 393 1 34.7929  11.5917  36.6851 0.6512 1 1 16
 393 2 35.7179  11.8822  36.0482 -0.3256 1 1 17
 394 0 19.3867  21.4131  28.9187 -0.3256 1 1 17
 394 1 20.2451  20.6359  28.8504 0.6512 1 1 16
 394 2 21.1034  19.8586  28.7822 -0.3256 1 1 17
 395 0 31.2286  11.4088  14.1324 -0.3256 1 1 17
 395 1 30.8199  12.4036  14.5671 0.6512 1 1 16
 395 2 30.4111  13.3983  15.0019 -0.3256 1 1 17
 396 0 36.2301  21.9339  33.5525 -0.3256 1 1 17
 396 1 36.0601  20.7864  33.5559 0.6512 1 1 16
 396 2 35.8902  19.6389  33.5594 -0.3256 1 1 17
 397 0 9.20275  13.4103  35.3622 -0.3256 1 1 17
 397 1 10.2362  13.648  34.892 0.6512 1 1 16
 397 2 11.2697  13.8856  34.4218 -0.3256 1 1 17
 398 0 35.404  11.107  2.35503 -0.3256 1 1 17
 398 1 35.4356  11.1965  3.51114 0.6512 1 1 16
 398 2 35.4672  11.2859  4.66726 -0.3256 1 1 17
 399 0 35.2812  34.499  37.3498 -0.3256 1 1 17
 399 1 34.2807  33.9467  37.5488 0.6512 1 1 16
 399 2 33.2802  33.3944  37.7478 -0.3256 1 1 17
 400 0 11.8799  3.0913  1.87914 -0.3256 1 1 17
 400 1 11.7971  4.24219  1.99832 0.6512 1 1 16
 400 2 11.7144  5.39308  2.1175 -0.3256 1 1 17
 401 0 19.3141  9.9333  1.13978 -0.3256 1 1 17
 401 1 19.0797  8.81149  0.960321 0.6512 1 1 16
 401 2 18.8454  7.68968  0.780864 -0.3256 1 1 17
 402 0 17.5526  36.7036  17.3112 -0.3256 1 1 17
 402 1 17.9614  37.6991  17.7443 0.6512 1 1 16
 402 2 18.3702  38.6945  18.1774 -0.3256 1 1 17
 403 0 0.250705  26.9961  37.113 -0.3256 1 1 17
 403 1 0.741444  27.4112  36.1473 0.6512 1 1 16
 403 2 1.23218  27.8264  35.1817 -0.3256 1 1 17
 404 0 14.5041  34.5228  13.986 -0.3256 1 1 17
 404 1 14.8013  35.567  13.5773 0.6512 1 1 16
 404 2 15.0984  36.6112  13.1687 -0.3256 1 1 17
 405 0 21.5637  23.1865  29.8233 -0.3256 1 1 17
 405 1 21.7972  23.9315  30.6812 0.6512 1 1 16
 405 2 22.0306  24.6766  31.5391 -0.3256 1 1 17
 406 0 14.9009  13.8884  25.5976 -0.3256 1 1 17
 406 1 14.4726  14.3004  26.5938 0.6512 1 1 16
 406 2 14.0443  14.7124  27.59 -0.3256 1 1 17
 407 0 23.7581  31.1337  12.6421 -0.3256 1 1 17
 407 1 24.6642  31.7409  12.2473 0.6512 1 1 16
 407 2 25.5703  32.3481  11.8524 -0.3256 1 1 17
 408 0 22.2808  37.7038  20.4508 -0.3256 1 1 17
 408 1 21.942  38.0735  19.4048 0.6512 1 1 16
 408 2 21.6031  38.4432  18.3588 -0.3256 1 1 17
 409 0 29.4888  8.17271  34.0685 -0.3256 1 1 17
 409 1 30.3022  8.94167  34.3731 0.6512 1 1 16
 409 2 31.1155  9.71064  34.6778 -0.3256 1 1 17
 410 0 31.393  16.4589  22.735 -0.3256 1 1 17
 410 1 31.1868  16.7645  23.8349 0.6512 1 1 16
 410 2 30.9806  17.0701  24.9347 -0.3256 1 1 17
 411 0 32.0664  20.5265  0.898729 -0.3256 1 1 17
 411 1 33.1857  20.3376  0.659784 0.6512 1 1 16
 411 2 34.305  20.1487  0.420838 -0.3256 1 1 17
 412 0 8.72024  29.2808  0.444238 -0.3256 1 1 17
 412 1 9.34203  29.8932  -0.319925 0.6512 1 1 16
 412 2 9.96382  30.5056  -1.08409 -0.3256 1 1 17
 413 0 20.895  20.7994  2.51931 -0.3256 1 1 17
 413 1 21.1839  21.6708  3.2284 0.6512 1 1 16
 413 2 21.4728  22.5422  3.93749 -0.3256 1 1 17
 414 0 27.2473  27.792  10.8692 -0.3256 1 1 17
 414 1 27.7452  28.7864  10.5392 0.6512 1 1 16
 414 2 28.2432  29.7808  10.2093 -0.3256 1 1 17
 415 0 15.3825  4.78856  13.8073 -0.3256 1 1 17
 415 1 15.8993  5.77915  14.1191 0.6512 1 1 16
 415 2 16.4162  6.76973  14.4309 -0.3256 1 1 17
 416 0 9.95311  19.0008  20.5659 -0.3256 1 1 17
 416 1 11.102  19.1593  20.5873 0.6512 1 1 16
 416 2 12.251  19.3177  20.6088 -0.3256 1 1 17
 417 0 28.5751  26.0529  18.5645 -0.3256 1 1 17
 417 1 29.2432  26.8415  18.038 0.6512 1 1 16
 417 2 29.9114  27.6302  17.5115 -0.3256 1 1 17
 418 0 19.7853  9.34544  4.62172 -0.3256 1 1 17
 418 1 20.7465  9.22555  3.98349 0.6512 1 1 16
 418 2 21.7077  9.10565  3.34526 -0.3256 1 1 17
 419 0 24.3153  35.8749  6.14825 -0.3256 1 1 17
 419 1 23.3986  35.1832  6.31211 0.6512 1 1 16
 419 2 22.4819  34.4915  6.47598 -0.3256 1 1 17
 420 0 10.1551  37.8262  8.1756 -0.3256 1 1 17
 420 1 9.27783  37.5908  7.45409 0.6512 1 1 16
 420 2 8.40057  37.3554  6.73257 -0.3256 1 1 17
 421 0 7.50816  13.4048  8.11833 -0.3256 1 1 17
 421 1 8.4575  14.0564  8.25905 0.6512 1 1 16
 421 2 9.40685  14.708  8.39977 -0.3256 1 1 17
 422 0 30.422  22.4962  13.3837 -0.3256 1 1 17
 422 1 30.8896  21.87  12.5265 0.6512 1 1 16
 422 2 31.3573  21.2437  11.6693 -0.3256 1 1 17
 423 0 3.99176  10.4937  14.7737 -0.3256 1 1 17
 423 1 3.35735  11.2118  15.4275 0.6512 1 1 16
 423 2 2.72294  11.93  16.0812 -0.3256 1 1 17
 424 0 18.4518  33.7978  18.2193 -0.3256 1 1 17
 424 1 18.0251  32.9963  17.4974 0.6512 1 1 16
 424 2 17.5985  32.1947  16.7755 -0.3256 1 1 17
 425 0 30.746  32.2109  23.7895 -0.3256 1 1 17
 425 1 29.9389  32.2718  22.9586 0.6512 1 1 16
 425 2 29.1318  32.3327  22.1276 -0.3256 1 1 17
 426 0 23.2623  12.2661  29.1902 -0.3256 1 1 17
 426 1 24.0426  11.4081  29.213 0.6512 1 1 16
 426 2 24.8229  10.55  29.2358 -0.3256 1 1 17
 427 0 37.5373  33.7107  34.0277 -0.3256 1 1 17
 427 1 37.4684  34.8196  34.3614 0.6512 1 1 16
 427 2 37.3995  35.9284  34.695 -0.3256 1 1 17
 428 0 9.97286  28.6902  33.3269 -0.3256 1 1 17
 428 1 10.2122  29.824  33.3809 0.6512 1 1 16
 428 2 10.4516  30.9577  33.4348 -0.3256 1 1 17
 429 0 17.4408  24.6261  24.4482 -0.3256 1 1 17
 429 1 16.7891  23.6702  24.533 0.6512 1 1 16
 429 2 16.1375  22.7143  24.6177 -0.3256 1 1 17
 430 0 4.61284  12.4441  12.4265 -0.3256 1 1 17
 430 1 5.05168  11.3745  12.5205 0.6512 1 1 16
 430 2 5.49053  10.3048  12.6146 -0.3256 1 1 17
 431 0 6.52094  8.53324  5.79972 -0.3256 1 1 17
 431 1 6.04484  8.91256  4.81227 0.6512 1 1 16
 431 2 5.56875  9.29188  3.82482 -0.3256 1 1 17
 432 0 15.7013  26.7321  33.0933 -0.3256 1 1 17
 432 1 15.6752  25.8553  33.8524 0.6512 1 1 16
 432 2 15.6491  24.9786  34.6115 -0.3256 1 1 17
 433 0 16.1373  3.32517  3.45038 -0.3256 1 1 17
 433 1 16.0756  4.18029  4.23177 0.6512 1 1 16
 433 2 16.0139  5.03541  5.01316 -0.3256 1 1 17
 434 0 10.0857  23.4537  22.9335 -0.3256 1 1 17
 434 1 10.2868  24.5224  22.5298 0.6512 1 1 16
 434 2 10.488  25.5911  22.1261 -0.3256 1 1 17
 435 0 14.7136  2.27373  15.3779 -0.3256 1 1 17
 435 1 14.9784  1.2359  15.8233 0.6512 1 1 16
 435 2 15.2433  0.198061  16.2686 -0.3256 1 1 17
 436 0 17.3721  22.3762  31.8126 -0.3256 1 1 17
 436 1 18.4212  22.823  32.0254 0.6512 1 1 16
 436 2 19.4704  23.2699  32.2382 -0.3256 1 1 17
 437 0 3.79957  31.6196  33.271 -0.3256 1 1 17
 437 1 3.58818  32.6571  33.7449 0.6512 1 1 16
 437 2 3.37679  33.6946  34.2187 -0.3256 1 1 17
 438 0 6.27484  36.436  32.6654 -0.3256 1 1 17
 438 1 6.20999  37.2515  31.843 0.6512 1 1 16
 438 2 6.14514  38.067  31.0206 -0.3256 1 1 17
 439 0 8.93595  18.7519  34.9272 -0.3256 1 1 17
 439 1 9.38885  17.684  34.9179 0.6512 1 1 16
 439 2 9.84174  16.6161  34.9086 -0.3256 1 1 17
 440 0 33.5481  31.4589  20.6289 -0.3256 1 1 17
 440 1 33.7129  31.0841  21.7142 0.6512 1 1 16
 440 2 33.8777  30.7092  22.7995 -0.3256 1 1 17
 441 0 34.2839  35.7597  25.1952 -0.3256 1 1 17
 441 1 35.3742  36.1558  25.2009 0.6512 1 1 16
 441 2 36.4644  36.552  25.2066 -0.3256 1 1 17
 442 0 27.43  16.7874  0.419288 -0.3256 1 1 17
 442 1 26.7277  15.993  0.88971 0.6512 1 1 16
 442 2 26.0255  15.1986  1.36013 -0.3256 1 1 17
 443 0 21.8205  3.62825  8.1745 -0.3256 1 1 17
 443 1 21.267  4.62906  7.9807 0.6512 1 1 16
 443 2 20.7134  5.62986  7.78691 -0.3256 1 1 17
 444 0 5.75847  31.568  21.1792 -0.3256 1 1 17
 444 1 6.20718  32.4301  21.8124 0.6512 1 1 16
 444 2 6.65589  33.2923  22.4456 -0.3256 1 1 17
 445 0 12.5059  24.2695  25.0772 -0.3256 1 1 17
 445 1 13.2568  24.4472  25.9433 0.6512 1 1 16
 445 2 14.0078  24.6249  26.8094 -0.3256 1 1 17
 446 0 14.8528  31.6919  16.644 -0.3256 1 1 17
 446 1 13.7637  31.7951  16.2585 0.6512 1 1 16
 446 2 12.6745  31.8983  15.8729 -0.3256 1 1 17
 447 0 34.2233  7.29715  16.976 -0.3256 1 1 17
 447 1 34.2977  6.84927  15.9086 0.6512 1 1 16
 447 2 34.3722  6.40138  14.8411 -0.3256 1 1 17
 448 0 7.38104  18.5069  4.6917 -0.3256 1 1 17
 448 1 6.44579  18.8753  5.27067 0.6512 1 1 16
 448 2 5.51053  19.2436  5.84965 -0.3256 1 1 17
 449 0 16.3623  4.17344  8.14865 -0.3256 1 1 17
 449 1 15.3855  3.70065  8.55859 0.6512 1 1 16
 449 2 14.4088  3.22786  8.96853 -0.3256 1 1 17
 450 0 22.0988  21.0097  32.5229 -0.3256 1 1 17
 450 1 21.0534  20.5175  32.6251 0.6512 1 1 16
 450 2 20.008  20.0253  32.7273 -0.3256 1 1 17
 451 0 27.199  23.8378  16.4914 -0.3256 1 1 17
 451 1 27.036  22.7661  16.0784 0.6512 1 1 16
 451 2 26.873  21.6944  15.6654 -0.3256 1 1 17
 452 0 35.6873  5.4957  7.86982 -0.3256 1 1 17
 452 1 36.7397  5.03271  7.71608 0.6512 1 1 16
 452 2 37.7921  4.56971  7.56235 -0.3256 1 1 17
 453 0 1.12178  9.52259  28.139 -0.3256 1 1 17
 453 1 0.00540036  9.43819  27.8354 0.6512 1 1 16
 453 2 -1.11098  9.3538  27.5318 -0.3256 1 1 17
 454 0 22.4058  2.90728  15.3249 -0.3256 1 1 17
 454 1 21.3643  3.3978  15.4672 0.6512 1 1 16
 454 2 20.3228  3.88833  15.6096 -0.3256 1 1 17
 455 0 27.4683  37.0043  37.3633 -0.3256 1 1 17
 455 1 26.7281  37.2241  36.4976 0.6512 1 1 16
 455 2 25.988  37.444  35.6319 -0.3256 1 1 17
 456 0 37.9047  23.3379  17.0371 -0.3256 1 1 17
 456 1 36.7976  23.6629  17.157 0.6512 1 1 16
 456 2 35.6905  23.9879  17.277 -0.3256 1 1 17
 457 0 25.6894  28.5622  2.25505 -0.3256 1 1 17
 457 1 26.3464  29.455  2.59672 0.6512 1 1 16
 457 2 27.0034  30.3479  2.93839 -0.3256 1 1 17
 458 0 27.9847  19.723  6.39168 -0.3256 1 1 17
 458 1 27.9357  20.7729  6.88246 0.6512 1 1 16
 458 2 27.8867  21.8229  7.37323 -0.3256 1 1 17
 459 0 3.97469  35.6165  36.891 -0.3256 1 1 17
 459 1 3.77874  36.0223  35.8221 0.6512 1 1 16
 459 2 3.5828  36.4281  34.7532 -0.3256 1 1 17
 460 0 24.2626  14.0867  17.7535 -0.3256 1 1 17
 460 1 23.8457  13.0542  17.4285 0.6512 1 1 16
 460 2 23.4287  12.0217  17.1035 -0.3256 1 1 17
 461 0 13.3809  11.6901  32.222 -0.3256 1 1 17
 461 1 13.7216  12.5816  32.8814 0.6512 1 1 16
 461 2 14.0624  13.473  33.5408 -0.3256 1 1 17
 462 0 10.4357  11.4628  21.6236 -0.3256 1 1 17
 462 1 11.4611  11.9799  21.7873 0.6512 1 1 16
 462 2 12.4865  12.497  21.9511 -0.3256 1 1 17
 463 0 28.3862  38.211  32.8632 -0.3256 1 1 17
 463 1 29.0681  38.5752  33.728 0.6512 1 1 16
 463 2 29.75  38.9394  34.5929 -0.3256 1 1 17
 464 0 9.15488  6.78436  10.4723 -0.3256 1 1 17
 464 1 8.96855  5.65851  10.6805 0.6512 1 1 16
 464 2 8.78223  4.53267  10.8887 -0.3256 1 1 17
 465 0 3.62336  5.74108  32.4009 -0.3256 1 1 17
 465 1 4.55924  5.78207  31.7167 0.6512 1 1 16
 465 2 5.49512  5.82306  31.0326 -0.3256 1 1 17
 466 0 16.8127  11.5114  32.6905 -0.3256 1 1 17
 466 1 17.2438  12.1319  31.8104 0.6512 1 1 16
 466 2 17.6749  12.7524  30.9302 -0.3256 1 1 17
 467 0 22.0146  1.3352  10.8856 -0.3256 1 1 17
 467 1 21.0093  1.34458  10.3069 0.6512 1 1 16
 467 2 20.0039  1.35397  9.72827 -0.3256 1 1 17
 468 0 9.67056  38.3339  37.1705 -0.3256 1 1 17
 468 1 8.51113  38.3331  37.2069 0.6512 1 1 16
 468 2 7.3517  38.3323  37.2433 -0.3256 1 1 17
 469 0 8.35808  27.2576  30.7883 -0.3256 1 1 17
 469 1 8.71818  26.9771  29.7219 0.6512 1 1 16
 469 2 9.07828  26.6966  28.6555 -0.3256 1 1 17
 470 0 13.7709  37.7065  37.333 -0.3256 1 1 17
 470 1 13.3521  37.5244  36.2667 0.6512 1 1 16
 470 2 12.9333  37.3424  35.2004 -0.3256 1 1 17
 471 0 8.37783  13.0617  29.9806 -0.3256 1 1 17
 471 1 8.91901  12.1973  29.4278 0.6512 1 1 16
 471 2 9.46019  11.333  28.8749 -0.3256 1 1 17
 472 0 5.70523  11.7496  6.51543 -0.3256 1 1 17
 472 1 4.91575  12.4902  6.09851 0.6512 1 1 16
 472 2 4.12627  13.2308  5.68158 -0.3256 1 1 17
 473 0 36.0916  37.2708  6.10953 -0.3256 1 1 17
 473 1 35.0041  36.9707  6.37978 0.6512 1 1 16
 473 2 33.9167  36.6705  6.65002 -0.3256 1 1 17
 474 0 26.157  35.4811  30.1412 -0.3256 1 1 17
 474 1 25.5419  36.3062  30.6764 0.6512 1 1 16
 474 2 24.9268  37.1313  31.2116 -0.3256 1 1 17
 475 0 2.49081  3.36695  15.7756 -0.3256 1 1 17
 475 1 3.37508  4.036  15.435 0.6512 1 1 16
 475 2 4.25935  4.70505  15.0943 -0.3256 1 1 17
 476 0 10.4268  34.6354  32.6966 -0.3256 1 1 17
 476 1 11.2509  35.4505  32.7436 0.6512 1 1 16
 476 2 12.075  36.2655  32.7907 -0.3256 1 1 17
 477 0 20.9225  32.0872  11.8576 -0.3256 1 1 17
 477 1 20.6072  33.2013  11.787 0.6512 1 1 16
 477 2 20.292  34.3154  11.7164 -0.3256 1 1 17
 478 0 32.5258  24.5028  24.0554 -0.3256 1 1 17
 478 1 31.8738  24.801  24.9673 0.6512 1 1 16
 478 2 31.2219  25.0992  25.8793 -0.3256 1 1 17
 479 0 23.3084  37.0913  37.8954 -0.3256 1 1 17
 479 1 22.2479  37.0307  37.4293 0.6512 1 1 16
 479 2 21.1874  36.9702  36.9632 -0.3256 1 1 17
 480 0 17.881  36.2919  21.6383 -0.3256 1 1 17
 480 1 18.4177  37.3104  21.7803 0.6512 1 1 16
 480 2 18.9543  38.329  21.9222 -0.3256 1 1 17
 481 0 7.32971  10.2184  19.3109 -0.3256 1 1 17
 481 1 8.43679  9.95431  19.0868 0.6512 1 1 16
 481 2 9.54387  9.69024  18.8626 -0.3256 1 1 17
 482 0 25.487  18.429  27.577 -0.3256 1 1 17
 482 1 26.4213  18.7762  26.9836 0.6512 1 1 16
 482 2 27.3556  19.1234  26.3902 -0.3256 1 1 17
 483 0 13.5592  24.4773  12.1814 -0.3256 1 1 17
 483 1 14.2191  23.5871  11.8383 0.6512 1 1 16
 483 2 14.879  22.6969  11.4953 -0.3256 1 1 17
 484 0 34.5893  8.02629  23.6099 -0.3256 1 1 17
 484 1 33.5074  8.1776  24 0.6512 1 1 16
 484 2 32.4255  8.3289  24.3901 -0.3256 1 1 17
 485 0 0.15856  32.8493  1.30669 -0.3256 1 1 17
 485 1 0.0246179  33.3618  0.274683 0.6512 1 1 16
 485 2 -0.109324  33.8743  -0.75732 -0.3256 1 1 17
 486 0 5.50754  9.27856  34.0701 -0.3256 1 1 17
 486 1 5.78777  8.15825  34.1795 0.6512 1 1 16
 486 2 6.068  7.03794  34.289 -0.3256 1 1 17
 487 0 27.1989  32.2136  35.0848 -0.3256 1 1 17
 487 1 27.4205  31.6343  34.1045 0.6512 1 1 16
 487 2 27.6421  31.0551  33.1242 -0.3256 1 1 17
 488 0 16.9572  26.0491  27.8174 -0.3256 1 1 17
 488 1 17.6388  26.7154  28.4785 0.6512 1 1 16
 488 2 18.3203  27.3817  29.1397 -0.3256 1 1 17
 489 0 1.63978  28.7333  21.4586 -0.3256 1 1 17
 489 1 2.64858  28.775  20.8874 0.6512 1 1 16
 489 2 3.65738  28.8167  20.3163 -0.3256 1 1 17
 490 0 17.3698  19.795  13.872 -0.3256 1 1 17
 490 1 16.2787  19.4082  13.9468 0.6512 1 1 16
 490 2 15.1877  19.0215  14.0216 -0.3256 1 1 17
 491 0 21.1496  29.3763  37.9243 -0.3256 1 1 17
 491 1 21.6137  30.4253  38.0969 0.6512 1 1 16
 491 2 22.0779  31.4743  38.2695 -0.3256 1 1 17
 492 0 20.6009  34.7011  24.4402 -0.3256 1 1 17
 492 1 20.9497  34.1518  23.4799 0.6512 1 1 16
 492 2 21.2984  33.6024  22.5196 -0.3256 1 1 17
 493 0 0.210811  17.9868  9.93792 -0.3256 1 1 17
 493 1 0.711339  17.3229  10.7468 0.6512 1 1 16
 493 2 1.21187  16.6589  11.5556 -0.3256 1 1 17
 494 0 17.2464  32.228  8.87674 -0.3256 1 1 17
 494 1 18.2078  31.5944  8.73564 0.6512 1 1 16
 494 2 19.1692  30.9608  8.59454 -0.3256 1 1 17
 495 0 29.0642  3.42256  6.83415 -0.3256 1 1 17
 495 1 29.1983  4.0217  5.84994 0.6512 1 1 16
 495 2 29.3323  4.62084  4.86574 -0.3256 1 1 17
 496 0 36.2621  32.7997  19.8248 -0.3256 1 1 17
 496 1 36.3787  31.6909  20.1449 0.6512 1 1 16
 496 2 36.4953  30.582  20.465 -0.3256 1 1 17
 497 0 6.21438  9.77033  28.8162 -0.3256 1 1 17
 497 1 5.73231  9.75369  29.8712 0.6512 1 1 16
 497 2 5.25025  9.73706  30.9262 -0.3256 1 1 17
 498 0 2.82846  3.78675  27.3033 -0.3256 1 1 17
 498 1 2.97426  3.42439  28.3956 0.6512 1 1 16
 498 2 3.12006  3.06202  29.4878 -0.3256 1 1 17
 499 0 30.6557  38.01  24.7662 -0.3256 1 1 17
 499 1 30.5233  39.1465  24.5753 0.6512 1 1 16
 499 2 30.3909  40.283  24.3844 -0.3256 1 1 17
 500 0 24.7601  19.2334  33.8267 -0.3256 1 1 17
 500 1 25.0938  18.7006  34.8016 0.6512 1 1 16
 500 2 25.4275  18.1678  35.7765 -0.3256 1 1 17
 501 0 28.8892  34.7654  9.58116 -0.3256 1 1 17
 501 1 28.5662  33.6566  9.47276 0.6512 1 1 16
 501 2 28.2432  32.5478  9.36437 -0.3256 1 1 17
 502 0 0.335032  11.7581  35.6183 -0.3256 1 1 17
 502 1 1.06301  12.2938  34.8912 0.6512 1 1 16
 502 2 1.79099  12.8295  34.1641 -0.3256 1 1 17
 503 0 32.1663  3.45953  9.63193 -0.3256 1 1 17
 503 1 32.0791  2.54823  8.91952 0.6512 1 1 16
 503 2 31.9919  1.63694  8.20711 -0.3256 1 1 17
 504 0 21.8914  5.12401  13.1252 -0.3256 1 1 17
 504 1 21.0525  4.41219  12.7576 0.6512 1 1 16
 504 2 20.2136  3.70037  12.39 -0.3256 1 1 17
 505 0 15.8285  24.2912  7.03814 -0.3256 1 1 17
 505 1 15.3093  23.3439  6.61533 0.6512 1 1 16
 505 2 14.7901  22.3967  6.19253 -0.3256 1 1 17
 506 0 30.14  21.2893  27.3419 -0.3256 1 1 17
 506 1 29.7322  21.439  26.2663 0.6512 1 1 16
 506 2 29.3244  21.5887  25.1907 -0.3256 1 1 17
 507 0 22.8364  18.3285  4.20318 -0.3256 1 1 17
 507 1 22.6776  18.0244  3.09509 0.6512 1 1 16
 507 2 22.5188  17.7202  1.987 -0.3256 1 1 17
 508 0 32.1613  32.11  9.5225 -0.3256 1 1 17
 508 1 31.6508  32.6206  10.4304 0.6512 1 1 16
 508 2 31.1402  33.1312  11.3382 -0.3256 1 1 17
 509 0 8.82328  30.054  3.77128 -0.3256 1 1 17
 509 1 7.77215  30.0708  3.28094 0.6512 1 1 16
 509 2 6.72101  30.0876  2.7906 -0.3256 1 1 17
 510 0 30.9058  14.4922  8.23303 -0.3256 1 1 17
 510 1 30.3744  13.603  7.71082 0.6512 1 1 16
 510 2 29.843  12.7139  7.18861 -0.3256 1 1 17
 511 0 5.39579  18.3433  27.6653 -0.3256 1 1 17
 511 1 6.00458  17.5777  27.0418 0.6512 1 1 16
 511 2 6.61338  16.8121  26.4182 -0.3256 1 1 17
 512 0 16.3346  19.591  16.8314 -0.3256 1 1 17
 512 1 17.2689  18.9872  16.5023 0.6512 1 1 16
 512 2 18.2031  18.3834  16.1732 -0.3256 1 1 17
 513 0 21.5264  30.6048  6.28833 -0.3256 1 1 17
 513 1 22.0368  29.8666  7.0233 0.6512 1 1 16
 513 2 22.5472  29.1284  7.75826 -0.3256 1 1 17
 514 0 30.1053  28.7548  30.0624 -0.3256 1 1 17
 514 1 29.6526  29.1673  29.0773 0.6512 1 1 16
 514 2 29.2  29.5798  28.0921 -0.3256 1 1 17
 515 0 31.1414  36.0384  37.6452 -0.3256 1 1 17
 515 1 32.0172  36.355  36.9537 0.6512 1 1 16
 515 2 32.893  36.6717  36.2621 -0.3256 1 1 17
 516 0 12.2496  24.152  5.96735 -0.3256 1 1 17
 516 1 11.6119  24.957  6.50681 0.6512 1 1 16
 516 2 10.9743  25.762  7.04627 -0.3256 1 1 17
 517 0 37.4066  5.52678  15.8841 -0.3256 1 1 17
 517 1 37.0561  4.78582  15.0632 0.6512 1 1 16
 517 2 36.7057  4.04485  14.2424 -0.3256 1 1 17
 518 0 2.12872  14.0515  23.3156 -0.3256 1 1 17
 518 1 1.88062  14.4277  22.2467 0.6512 1 1 16
 518 2 1.63253  14.804  21.1778 -0.3256 1 1 17
 519 0 16.2996  31.0909  5.79641 -0.3256 1 1 17
 519 1 15.2557  30.8452  6.23861 0.6512 1 1 16
 519 2 14.2118  30.5995  6.68081 -0.3256 1 1 17
 520 0 3.88758  35.5812  22.3812 -0.3256 1 1 17
 520 1 3.43654  34.5613  22.7002 0.6512 1 1 16
 520 2 2.9855  33.5413  23.0193 -0.3256 1 1 17
 521 0 18.0026  1.34759  15.686 -0.3256 1 1 17
 521 1 18.9944  0.75179  15.6017 0.6512 1 1 16
 521 2 19.9861  0.155986  15.5175 -0.3256 1 1 17
 522 0 0.343153  2.47691  30.6264 -0.3256 1 1 17
 522 1 0.395518  2.55432  31.7826 0.6512 1 1 16
 522 2 0.447882  2.63173  32.9389 -0.3256 1 1 17
 523 0 7.87873  32.4784  36.9298 -0.3256 1 1 17
 523 1 7.4792  31.5624  36.3409 0.6512 1 1 16
 523 2 7.07968  30.6463  35.7519 -0.3256 1 1 17
 524 0 34.5325  34.2067  2.21495 -0.3256 1 1 17
 524 1 35.1932  33.5181  2.87451 0.6512 1 1 16
 524 2 35.8538  32.8295  3.53407 -0.3256 1 1 17
 525 0 1.3461  23.7947  27.5971 -0.3256 1 1 17
 525 1 1.61692  23.334  28.6267 0.6512 1 1 16
 525 2 1.88775  22.8734  29.6563 -0.3256 1 1 17
 526 0 30.6691  22.1179  4.94202 -0.3256 1 1 17
 526 1 30.3955  21.4368  4.04383 0.6512 1 1 16
 526 2 30.1219  20.7556  3.14564 -0.3256 1 1 17
 527 0 37.7821  18.2019  28.1776 -0.3256 1 1 17
 527 1 36.8559  18.0759  28.8645 0.6512 1 1 16
 527 2 35.9297  17.9498  29.5515 -0.3256 1 1 17
 528 0 20.8453  22.3626  16.141 -0.3256 1 1 17
 528 1 21.6238  21.6118  16.5603 0.6512 1 1 16
 528 2 22.4023  20.861  16.9796 -0.3256 1 1 17
 529 0 33.7699  0.61788  12.5168 -0.3256 1 1 17
 529 1 34.641  0.669656  13.281 0.6512 1 1 16
 529 2 35.5122  0.721432  14.0452 -0.3256 1 1 17
 530 0 12.2942  12.5869  13.7372 -0.3256 1 1 17
 530 1 13.19  11.8979  13.9986 0.6512 1 1 16
 530 2 14.0859  11.2089  14.26 -0.3256 1 1 17
 531 0 26.518  23.2393  19.9044 -0.3256 1 1 17
 531 1 27.3339  22.6335  19.3451 0.6512 1 1 16
 531 2 28.1498  22.0277  18.7857 -0.3256 1 1 17
 532 0 16.0297  31.67  19.6839 -0.3256 1 1 17
 532 1 15.0611  31.4135  20.2683 0.6512 1 1 16
 532 2 14.0925  31.1569  20.8528 -0.3256 1 1 17
 533 0 23.7105  24.1641  15.5809 -0.3256 1 1 17
 533 1 22.8978  24.8492  16.0454 0.6512 1 1 16
 533 2 22.085  25.5342  16.5099 -0.3256 1 1 17
 534 0 31.8224  23.8872  32.2534 -0.3256 1 1 17
 534 1 32.5531  23.1705  32.7992 0.6512 1 1 16
 534 2 33.2839  22.4538  33.345 -0.3256 1 1 17
 535 0 2.8931  25.8059  19.3043 -0.3256 1 1 17
 535 1 1.77563  26.0323  19.5178 0.6512 1 1 16
 535 2 0.658155  26.2588  19.7313 -0.3256 1 1 17
 536 0 28.2638  27.4522  7.81247 -0.3256 1 1 17
 536 1 28.8721  26.5009  7.54671 0.6512 1 1 16
 536 2 29.4803  25.5496  7.28095 -0.3256 1 1 17
 537 0 4.70063  31.5383  4.92469 -0.3256 1 1 17
 537 1 4.0627  31.0389  5.75492 0.6512 1 1 16
 537 2 3.42476  30.5396  6.58516 -0.3256 1 1 17
 538 0 11.8351  26.4722  28.7446 -0.3256 1 1 17
 538 1 12.9144  26.8934  28.6869 0.6512 1 1 16
 538 2 13.9937  27.3146  28.6293 -0.3256 1 1 17
 539 0 0.913882  11.83  18.1931 -0.3256 1 1 17
 539 1 0.35229  11.5471  17.2183 0.6512 1 1 16
 539 2 -0.209302  11.2642  16.2436 -0.3256 1 1 17
 540 0 6.57336  3.56821  27.6481 -0.3256 1 1 17
 540 1 7.19409  4.22634  26.9221 0.6512 1 1 16
 540 2 7.81482  4.88446  26.196 -0.3256 1 1 17
 541 0 31.1881  34.9088  32.8907 -0.3256 1 1 17
 541 1 30.1491  34.9764  32.3794 0.6512 1 1 16
 541 2 29.1101  35.0441  31.868 -0.3256 1 1 17
 542 0 32.9046  26.8899  5.62226 -0.3256 1 1 17
 542 1 32.9244  26.311  6.6273 0.6512 1 1 16
 542 2 32.9441  25.7322  7.63234 -0.3256 1 1 17
 543 0 11.2975  9.05648  14.7159 -0.3256 1 1 17
 543 1 11.6677  8.86677  15.7987 0.6512 1 1 16
 543 2 12.0378  8.67706  16.8816 -0.3256 1 1 17
 544 0 30.261  0.929085  27.8327 -0.3256 1 1 17
 544 1 30.3635  1.69896  28.6943 0.6512 1 1 16
 544 2 30.466  2.46884  29.5559 -0.3256 1 1 17
 545 0 35.5946  23.7587  5.81681 -0.3256 1 1 17
 545 1 34.7147  24.0199  5.10744 0.6512 1 1 16
 545 2 33.8349  24.2811  4.39807 -0.3256 1 1 17
 546 0 27.1865  5.50323  37.3341 -0.3256 1 1 17
 546 1 27.5658  4.52022  37.8193 0.6512 1 1 16
 546 2 27.945  3.53721  38.3046 -0.3256 1 1 17
 547 0 21.8502  25.1984  24.9938 -0.3256 1 1 17
 547 1 21.0328  24.5833  25.5408 0.6512 1 1 16
 547 2 20.2155  23.9682  26.0878 -0.3256 1 1 17
 548 0 17.9123  2.12112  12.6808 -0.3256 1 1 17
 548 1 17.0302  2.48403  12.0206 0.6512 1 1 16
 548 2 16.1481  2.84694  11.3605 -0.3256 1 1 17
 549 0 18.6277  15.0138  10.1872 -0.3256 1 1 17
 549 1 17.7859  14.6224  10.8827 0.6512 1 1 16
 549 2 16.944  14.231  11.5782 -0.3256 1 1 17
 550 0 18.2323  17.8523  38.2871 -0.3256 1 1 17
 550 1 18.3726  17.8073  37.1365 0.6512 1 1 16
 550 2 18.5129  17.7623  35.9859 -0.3256 1 1 17
 551 0 7.52238  26.5944  21.5216 -0.3256 1 1 17
 551 1 6.97845  26.0997  22.4189 0.6512 1 1 16
 551 2 6.43452  25.6051  23.3161 -0.3256 1 1 17
 552 0 37.747  4.35413  1.34897 -0.3256 1 1 17
 552 1 36.9546  4.57929  0.532227 0.6512 1 1 16
 552 2 36.1623  4.80446  -0.284517 -0.3256 1 1 17
 553 0 29.1978  10.7384  16.7123 -0.3256 1 1 17
 553 1 28.423  11.3324  16.0858 0.6512 1 1 16
 553 2 27.6482  11.9263  15.4593 -0.3256 1 1 17
 554 0 12.8113  30.6211  1.57736 -0.3256 1 1 17
 554 1 13.8811  30.5139  2.01287 0.6512 1 1 16
 554 2 14.9509  30.4067  2.44837 -0.3256 1 1 17
 555 0 8.23791  10.2623  10.2983 -0.3256 1 1 17
 555 1 7.27958  9.70647  9.9544 0.6512 1 1 16
 555 2 6.32125  9.15063  9.61055 -0.3256 1 1 17
 556 0 7.93212  0.25791  20.0705 -0.3256 1 1 17
 556 1 7.01166  0.357269  20.7695 0.6512 1 1 16
 556 2 6.09119  0.456629  21.4684 -0.3256 1 1 17
 557 0 24.1336  6.59818  19.154 -0.3256 1 1 17
 557 1 23.0371  6.97402  19.1078 0.6512 1 1 16
 557 2 21.9407  7.34986  19.0617 -0.3256 1 1 17
 558 0 16.6315  0.164675  27.2656 -0.3256 1 1 17
 558 1 17.3612  0.544872  26.4479 0.6512 1 1 16
 558 2 18.0909  0.925068  25.6302 -0.3256 1 1 17
 559 0 27.5479  6.26667  15.778 -0.3256 1 1 17
 559 1 27.1259  6.96516  16.6024 0.6512 1 1 16
 559 2 26.704  7.66366  17.4268 -0.3256 1 1 17
 560 0 0.964584  8.84231  0.763238 -0.3256 1 1 17
 560 1 1.73135  7.9995  0.98085 0.6512 1 1 16
 560 2 2.49812  7.1567  1.19846 -0.3256 1 1 17
 561 0 8.3712  34.8492  8.60048 -0.3256 1 1 17
 561 1 7.84701  33.9495  9.11179 0.6512 1 1 16
 561 2 7.32282  33.0499  9.6231 -0.3256 1 1 17
 562 0 0.724659  32.8237  31.7674 -0.3256 1 1 17
 562 1 1.26336  33.3221  30.8691 0.6512 1 1 16
 562 2 1.80205  33.8206  29.9708 -0.3256 1 1 17
 563 0 26.7153  4.25545  33.0089 -0.3256 1 1 17
 563 1 26.7161  3.25479  33.5957 0.6512 1 1 16
 563 2 26.717  2.25413  34.1824 -0.3256 1 1 17
 564 0 35.115  20.9104  35.9182 -0.3256 1 1 17
 564 1 35.4983  21.6208  36.7512 0.6512 1 1 16
 564 2 35.8817  22.3313  37.5842 -0.3256 1 1 17
 565 0 4.77452  21.6556  17.2249 -0.3256 1 1 17
 565 1 4.08453  22.4898  16.8083 0.6512 1 1 16
 565 2 3.39454  23.3241  16.3917 -0.3256 1 1 17
 566 0 37.0106  14.4595  37.0929 -0.3256 1 1 17
 566 1 36.0131  14.9507  37.4236 0.6512 1 1 16
 566 2 35.0156  15.4419  37.7542 -0.3256 1 1 17
 567 0 13.3755  28.53  19.3462 -0.3256 1 1 17
 567 1 13.4059  27.4547  19.7803 0.6512 1 1 16
 567 2 13.4362  26.3794  20.2144 -0.3256 1 1 17
 568 0 1.92876  38.0105  21.7735 -0.3256 1 1 17
 568 1 0.855148  37.6055  21.6034 0.6512 1 1 16
 568 2 -0.218468  37.2005  21.4332 -0.3256 1 1 17
 569 0 27.0432  32.6495  26.9099 -0.3256 1 1 17
 569 1 26.4741  33.6522  27.0378 0.6512 1 1 16
 569 2 25.905  34.6548  27.1658 -0.3256 1 1 17
 570 0 11.6226  16.9852  8.1305 -0.3256 1 1 17
 570 1 11.7284  16.6355  7.02955 0.6512 1 1 16
 570 2 11.8342  16.2857  5.9286 -0.3256 1 1 17
 571 0 25.5343  38.2707  26.9784 -0.3256 1 1 17
 571 1 25.0213  39.304  27.1006 0.6512 1 1 16
 571 2 24.5084  40.3372  27.2228 -0.3256 1 1 17
 572 0 37.8277  9.41082  20.0401 -0.3256 1 1 17
 572 1 38.8471  9.13249  19.5618 0.6512 1 1 16
 572 2 39.8666  8.85416  19.0834 -0.3256 1 1 17
 573 0 8.69329  30.8179  7.30261 -0.3256 1 1 17
 573 1 9.62315  30.3912  7.84928 0.6512 1 1 16
 573 2 10.553  29.9644  8.39595 -0.3256 1 1 17
 574 0 23.3977  26.1797  3.18659 -0.3256 1 1 17
 574 1 22.6813  27.0807  3.32992 0.6512 1 1 16
 574 2 21.965  27.9818  3.47325 -0.3256 1 1 17
 575 0 9.87585  16.5255  2.36561 -0.3256 1 1 17
 575 1 10.5023  17.3447  2.89681 0.6512 1 1 16
 575 2 11.1287  18.1639  3.42801 -0.3256 1 1 17
 576 0 31.8863  6.76721  9.95275 -0.3256 1 1 17
 576 1 32.9358  7.24563  10.0767 0.6512 1 1 16
 576 2 33.9852  7.72405  10.2006 -0.3256 1 1 17
 577 0 35.4853  37.2191  1.92453 -0.3256 1 1 17
 577 1 36.5061  37.7321  2.12541 0.6512 1 1 16
 577 2 37.5269  38.2452  2.32628 -0.3256 1 1 17
 578 0 24.4679  22.8655  18.1396 -0.3256 1 1 17
 578 1 24.4045  21.8288  18.6561 0.6512 1 1 16
 578 2 24.3411  20.792  19.1725 -0.3256 1 1 17
 579 0 33.7756  8.21836  29.338 -0.3256 1 1 17
 579 1 34.6451  8.90352  29.6845 0.6512 1 1 16
 579 2 35.5146  9.58869  30.031 -0.3256 1 1 17
 580 0 10.0666  15.0275  27.9332 -0.3256 1 1 17
 580 1 10.1139  14.8328  26.7907 0.6512 1 1 16
 580 2 10.1612  14.6382  25.6481 -0.3256 1 1 17
 581 0 25.0922  25.7119  22.4538 -0.3256 1 1 17
 581 1 24.6335  26.671  22.9178 0.6512 1 1 16
 581 2 24.1748  27.6301  23.3818 -0.3256 1 1 17
 582 0 4.57853  30.782  1.16948 -0.3256 1 1 17
 582 1 3.63434  30.9561  0.518494 0.6512 1 1 16
 582 2 2.69015  31.1302  -0.132493 -0.3256 1 1 17
 583 0 28.0523  38.0323  17.3857 -0.3256 1 1 17
 583 1 28.2892  37.9111  18.5147 0.6512 1 1 16
 583 2 28.5261  37.7899  19.6438 -0.3256 1 1 17
 584 0 24.351  29.9209  15.22 -0.3256 1 1 17
 584 1 23.7309  29.4786  16.095 0.6512 1 1 16
 584 2 23.1109  29.0363  16.9699 -0.3256 1 1 17
 585 0 5.94783  12.4851  22.4199 -0.3256 1 1 17
 585 1 5.23004  11.9174  21.7071 0.6512 1 1 16
 585 2 4.51225  11.3497  20.9943 -0.3256 1 1 17
 586 0 26.4483  33.1348  4.88752 -0.3256 1 1 17
 586 1 27.132  32.5479  5.61796 0.6512 1 1 16
 586 2 27.8158  31.961  6.3484 -0.3256 1 1 17
 587 0 24.8519  27.2647  8.17421 -0.3256 1 1 17
 587 1 24.814  27.7993  7.14542 0.6512 1 1 16
 587 2 24.7761  28.3338  6.11663 -0.3256 1 1 17
 588 0 26.2855  20.6006  10.735 -0.3256 1 1 17
 588 1 27.3146  20.455  11.2499 0.6512 1 1 16
 588 2 28.3438  20.3093  11.7649 -0.3256 1 1 17
 589 0 33.7861  22.2309  21.2018 -0.3256 1 1 17
 589 1 34.4225  23.0967  21.6387 0.6512 1 1 16
 589 2 35.0589  23.9626  22.0756 -0.3256 1 1 17
 590 0 34.778  0.73979  21.1422 -0.3256 1 1 17
 590 1 35.033  0.42839  20.0543 0.6512 1 1 16
 590 2 35.288  0.11699  18.9663 -0.3256 1 1 17
 591 0 0.0161514  33.5782  11.9467 -0.3256 1 1 17
 591 1 -0.140661  32.7242  11.1775 0.6512 1 1 16
 591 2 -0.297473  31.8701  10.4084 -0.3256 1 1 17
 592 0 15.8605  10.6138  22.9812 -0.3256 1 1 17
 592 1 15.5835  9.77007  22.2348 0.6512 1 1 16
 592 2 15.3066  8.92639  21.4884 -0.3256 1 1 17
 593 0 6.06478  22.0183  25.3013 -0.3256 1 1 17
 593 1 6.10339  20.8661  25.1724 0.6512 1 1 16
 593 2 6.142  19.714  25.0436 -0.3256 1 1 17
 594 0 31.7182  9.78786  31.4176 -0.3256 1 1 17
 594 1 30.8254  9.50724  30.7321 0.6512 1 1 16
 594 2 29.9326  9.22662  30.0467 -0.3256 1 1 17
 595 0 11.9617  7.7955  20.9668 -0.3256 1 1 17
 595 1 12.7719  7.25014  21.5927 0.6512 1 1 16
 595 2 13.5821  6.70479  22.2186 -0.3256 1 1 17
 596 0 4.42198  22.1254  7.34816 -0.3256 1 1 17
 596 1 3.79241  21.1621  7.49387 0.6512 1 1 16
 596 2 3.16283  20.1987  7.63958 -0.3256 1 1 17
 597 0 22.2517  34.6176  28.7648 -0.3256 1 1 17
 597 1 22.0621  35.6993  28.3912 0.6512 1 1 16
 597 2 21.8724  36.781  28.0175 -0.3256 1 1 17
 598 0 28.7555  7.76252  26.9688 -0.3256 1 1 17
 598 1 28.3677  8.72715  27.4832 0.6512 1 1 16
 598 2 27.9798  9.69179  27.9977 -0.3256 1 1 17
