Component 1: CO2 -> Updated 198 times 
Min Macrostate : 60
Max Macrostate : 120
Wang-Landau Factor : 1
N NMol Bin CM[-1] CM[0] CM[1] WLBias ln_g TMBias lnpi Forward_lnpi Reverse_lnpi Histogram
0 0 0 254843 1.88512e+06 104519 -2.45551e-321 2.1778e+06 0.538495 -0.538495 0 0 1.72819e+06
1 1 0 214949 1.61059e+06 88138.4 -2.45551e-321 2.3386e+06 1.41899 -1.41899 -3.06676 -0.880499 1.9547e+06
2 2 0 196870 1.5e+06 81608.1 0.538495 2.14643e+06 2.29599 -2.29599 -3.95818 -1.75749 1.79016e+06
3 3 0 186951 1.44973e+06 78051.3 1.41899 2.06434e+06 3.16147 -3.16147 -4.83893 -2.62297 1.72273e+06
4 4 0 181825 1.42434e+06 77024 3.16147 2.02305e+06 4.0257 -4.0257 -5.71236 -3.48721 1.6863e+06
5 5 0 177696 1.4186e+06 75605.2 4.0257 2.00812e+06 4.86819 -4.86819 -6.57127 -4.3297 1.67404e+06
6 6 0 175450 1.41772e+06 74983.3 4.0257 1.99988e+06 5.71264 -5.71264 -7.42607 -5.17415 1.6663e+06
7 7 0 172218 1.41216e+06 74400.9 5.71264 1.99012e+06 6.54978 -6.54978 -8.27646 -6.01128 1.65867e+06
8 8 0 169017 1.40255e+06 73368 6.54978 1.9739e+06 7.37907 -7.37907 -9.11561 -6.84058 1.64475e+06
9 9 0 166362 1.39704e+06 72699.7 6.54978 1.96728e+06 8.20322 -8.20322 -9.95051 -7.66472 1.64028e+06
10 10 0 164362 1.40454e+06 72687.9 7.37907 1.96867e+06 9.01569 -9.01569 -10.7785 -8.4772 1.64011e+06
11 11 0 162850 1.40697e+06 72447.2 7.37907 1.97816e+06 9.8218 -9.8218 -11.5944 -9.28331 1.64961e+06
12 12 0 164435 1.44788e+06 73650.3 9.01569 2.00584e+06 10.615 -10.615 -12.404 -10.0765 1.66949e+06
13 13 0 158325 1.40718e+06 71474.2 9.01569 1.97062e+06 11.4098 -11.4098 -13.207 -10.8713 1.64274e+06
14 14 0 155226 1.39911e+06 70431.9 9.8218 1.9523e+06 12.1929 -12.1929 -14.0023 -11.6544 1.62824e+06
15 15 0 153602 1.40338e+06 70388.4 10.615 1.95092e+06 12.9707 -12.9707 -14.7928 -12.4322 1.62591e+06
16 16 0 151535 1.40037e+06 69842.7 11.4098 1.94615e+06 13.7409 -13.7409 -15.5732 -13.2024 1.62246e+06
17 17 0 149923 1.40141e+06 69392.3 12.1929 1.94558e+06 14.505 -14.505 -16.3473 -13.9666 1.62107e+06
18 18 0 147450 1.39645e+06 68693.2 13.7409 1.93833e+06 15.2637 -15.2637 -17.1173 -14.7252 1.61517e+06
19 19 0 146089 1.40376e+06 68583.1 13.7409 1.94e+06 16.0147 -16.0147 -17.881 -15.4762 1.61654e+06
20 20 0 143977 1.40868e+06 68889.7 14.505 1.94312e+06 16.7541 -16.7541 -18.6372 -16.2156 1.61943e+06
21 21 0 141994 1.40152e+06 67945.2 16.0147 1.93532e+06 17.4834 -17.4834 -19.374 -16.9449 1.61287e+06
22 22 0 140518 1.40184e+06 67680.9 16.7541 1.93594e+06 18.2103 -18.2103 -20.1109 -17.6718 1.61338e+06
23 23 0 139938 1.41238e+06 67723.2 17.4834 1.98909e+06 18.9302 -18.9302 -20.8409 -18.3917 1.6647e+06
24 24 0 158502 1.62142e+06 77725.1 18.2103 2.15668e+06 19.6437 -19.6437 -21.5667 -19.1052 1.78564e+06
25 25 0 147313 1.51583e+06 72235.4 18.9302 2.09344e+06 20.3509 -20.3509 -22.279 -19.8124 1.74593e+06
26 26 0 139160 1.4581e+06 69088.2 19.6437 2.00716e+06 21.0471 -21.0471 -22.9915 -20.5086 1.67429e+06
27 27 0 135566 1.43457e+06 67765 19.6437 1.96705e+06 21.7384 -21.7384 -23.6917 -21.1999 1.63955e+06
28 28 0 132934 1.42245e+06 66909.9 21.7384 1.95099e+06 22.4216 -22.4216 -24.385 -21.8831 1.62708e+06
29 29 0 132073 1.42341e+06 66538.3 21.7384 1.94653e+06 23.102 -23.102 -25.0716 -22.5635 1.62226e+06
30 30 0 131366 1.43072e+06 66441.6 21.7384 1.95072e+06 23.778 -23.778 -25.7572 -23.2395 1.62517e+06
31 31 0 128824 1.42032e+06 65836.3 23.778 1.94057e+06 24.4488 -24.4488 -26.439 -23.9104 1.61752e+06
32 32 0 127469 1.4205e+06 65649 23.778 1.93512e+06 25.11 -25.11 -27.1102 -24.5715 1.61262e+06
33 33 0 126081 1.4207e+06 65243.2 23.778 1.93315e+06 25.7635 -25.7635 -27.7734 -25.225 1.61127e+06
34 34 0 124020 1.41653e+06 64562.7 24.4488 1.9255e+06 26.4101 -26.4101 -28.4322 -25.8716 1.60515e+06
35 35 0 122126 1.40172e+06 63695 25.11 1.90966e+06 27.0588 -27.0588 -29.0849 -26.5203 1.59146e+06
36 36 0 121231 1.4103e+06 64028.9 27.0588 1.91261e+06 27.697 -27.697 -29.7359 -27.1585 1.59383e+06
37 37 0 120362 1.41558e+06 63896 26.4101 1.91835e+06 28.3258 -28.3258 -30.3741 -27.7873 1.59861e+06
38 38 0 118968 1.41413e+06 63780.9 27.0588 1.9158e+06 28.9493 -28.9493 -31.0076 -28.4108 1.59708e+06
39 39 0 117980 1.41479e+06 63619.4 27.697 1.94854e+06 29.5648 -29.5648 -31.6312 -29.0263 1.62967e+06
40 40 0 129336 1.56073e+06 69664.3 28.3258 2.06353e+06 30.1766 -30.1766 -32.2485 -29.6381 1.71145e+06
41 41 0 122518 1.49343e+06 66595.5 28.9493 2.02855e+06 30.7862 -30.7862 -32.8674 -30.2477 1.69251e+06
42 42 0 119109 1.46337e+06 65023.9 30.1766 1.97875e+06 31.3891 -31.3891 -33.4771 -30.8506 1.648e+06
43 43 0 115806 1.4411e+06 64092.2 30.1766 1.94716e+06 31.9828 -31.9828 -34.0831 -31.4443 1.62281e+06
44 44 0 113868 1.42254e+06 63247.6 31.3891 1.92372e+06 32.5705 -32.5705 -34.6744 -32.032 1.60299e+06
45 45 0 112783 1.4253e+06 62472.8 31.3891 1.92203e+06 33.1483 -33.1483 -35.2624 -32.6098 1.60142e+06
46 46 0 111587 1.43089e+06 62530.1 32.5705 1.92512e+06 33.7255 -33.7255 -35.853 -33.187 1.60473e+06
47 47 0 111134 1.43128e+06 62819.1 32.5705 1.92686e+06 34.3006 -34.3006 -36.4322 -33.7621 1.60598e+06
48 48 0 110663 1.43531e+06 62710.4 33.1483 1.93044e+06 34.8652 -34.8652 -37.0031 -34.3267 1.6082e+06
49 49 0 109875 1.44498e+06 62654.5 34.3006 1.9388e+06 35.421 -35.421 -37.5714 -34.8825 1.61546e+06
50 50 0 109198 1.43867e+06 62408.4 34.3006 1.93395e+06 35.9813 -35.9813 -38.1333 -35.4428 1.61163e+06
51 51 0 107814 1.43678e+06 62111.3 34.8652 1.92919e+06 36.53 -36.53 -38.693 -35.9915 1.60773e+06
52 52 0 106907 1.43949e+06 62164.3 35.9813 1.92879e+06 37.0719 -37.0719 -39.2445 -36.5334 1.60709e+06
53 53 0 105648 1.43696e+06 61675.7 36.53 1.92856e+06 37.6053 -37.6053 -39.7866 -37.0668 1.60772e+06
54 54 0 106226 1.44609e+06 62132.3 36.53 1.9314e+06 38.1428 -38.1428 -40.325 -37.6043 1.6081e+06
55 55 0 103605 1.43488e+06 61330.9 37.6053 1.92012e+06 38.6634 -38.6634 -40.8617 -38.1249 1.60107e+06
56 56 0 103124 1.42554e+06 60720.2 38.1428 1.90775e+06 39.1896 -39.1896 -41.3861 -38.6511 1.58964e+06
57 57 0 101139 1.41918e+06 60499.9 38.1428 1.89941e+06 39.7054 -39.7054 -41.9156 -39.1669 1.58358e+06
58 58 0 100606 1.41985e+06 60366.3 38.6634 1.89689e+06 40.2144 -40.2144 -42.43 -39.6759 1.58031e+06
59 59 0 100165 1.42582e+06 60412.2 39.1896 1.90312e+06 40.7177 -40.7177 -42.9409 -40.1792 1.58619e+06
60 60 0 99398 1.4295e+06 60182.8 40.2144 1.58952e+06 41.2143 -41.2143 -43.4473 -40.6758 1.27192e+06
