x y z charge scale scaleCoul Type
 0 0 13.7918  39.6226  35.1661 0.7 1 1 7
 0 1 13.7043  40.5459  35.8628 -0.35 1 1 8
 0 2 13.8792  38.6992  34.4694 -0.35 1 1 8
 1 0 0.28042  42.0371  37.6835 0.7 1 1 7
 1 1 1.10628  42.3585  36.935 -0.35 1 1 8
 1 2 -0.545437  41.7157  38.432 -0.35 1 1 8
 2 0 25.3147  2.49207  29.0258 0.7 1 1 7
 2 1 24.8721  3.52425  29.3162 -0.35 1 1 8
 2 2 25.7573  1.45989  28.7355 -0.35 1 1 8
 3 0 13.4903  40.498  16.1483 0.7 1 1 7
 3 1 13.3662  39.3869  16.4578 -0.35 1 1 8
 3 2 13.6145  41.609  15.8388 -0.35 1 1 8
 4 0 21.3507  34.2396  28.1413 0.7 1 1 7
 4 1 21.6566  35.3577  28.1829 -0.35 1 1 8
 4 2 21.0448  33.1214  28.0998 -0.35 1 1 8
 5 0 32.5866  26.6118  23.792 0.7 1 1 7
 5 1 33.0644  25.6162  23.4371 -0.35 1 1 8
 5 2 32.1088  27.6075  24.147 -0.35 1 1 8
 6 0 33.5186  41.6387  3.07937 0.7 1 1 7
 6 1 32.5353  41.7548  3.68361 -0.35 1 1 8
 6 2 34.502  41.5227  2.47513 -0.35 1 1 8
 7 0 23.3868  4.42561  24.6662 0.7 1 1 7
 7 1 22.6344  4.07916  25.4783 -0.35 1 1 8
 7 2 24.1393  4.77206  23.8541 -0.35 1 1 8
 8 0 2.11863  28.7137  21.81 0.7 1 1 7
 8 1 1.06906  28.2325  21.9215 -0.35 1 1 8
 8 2 3.16819  29.195  21.6985 -0.35 1 1 8
 9 0 4.38402  12.5305  3.09951 0.7 1 1 7
 9 1 5.18957  13.3291  3.34227 -0.35 1 1 8
 9 2 3.57848  11.7319  2.85675 -0.35 1 1 8
 10 0 10.2219  15.3697  4.28758 0.7 1 1 7
 10 1 11.1074  15.6493  3.59229 -0.35 1 1 8
 10 2 9.3365  15.0902  4.98288 -0.35 1 1 8
 11 0 29.5549  25.6908  16.1696 0.7 1 1 7
 11 1 28.8666  24.9584  15.5905 -0.35 1 1 8
 11 2 30.2433  26.4232  16.7487 -0.35 1 1 8
 12 0 9.44523  26.0673  27.1869 0.7 1 1 7
 12 1 10.6051  26.0833  27.1807 -0.35 1 1 8
 12 2 8.28536  26.0512  27.1931 -0.35 1 1 8
 13 0 18.8872  18.8129  24.2636 0.7 1 1 7
 13 1 19.8123  19.4149  23.9065 -0.35 1 1 8
 13 2 17.9622  18.2109  24.6206 -0.35 1 1 8
 14 0 1.8044  8.37602  13.7999 0.7 1 1 7
 14 1 2.72269  7.71524  13.5436 -0.35 1 1 8
 14 2 0.886105  9.0368  14.0562 -0.35 1 1 8
 15 0 14.6654  34.0396  36.0485 0.7 1 1 7
 15 1 14.8431  35.1218  35.6705 -0.35 1 1 8
 15 2 14.4876  32.9574  36.4265 -0.35 1 1 8
 16 0 14.9984  2.7117  23.0378 0.7 1 1 7
 16 1 15.3006  3.50595  22.2482 -0.35 1 1 8
 16 2 14.6962  1.91746  23.8273 -0.35 1 1 8
 17 0 2.15008  34.7628  8.84203 0.7 1 1 7
 17 1 2.50953  35.7144  8.28447 -0.35 1 1 8
 17 2 1.79063  33.8112  9.39959 -0.35 1 1 8
 18 0 26.8758  4.34216  36.0086 0.7 1 1 7
 18 1 26.9404  3.207  36.2385 -0.35 1 1 8
 18 2 26.8112  5.47732  35.7788 -0.35 1 1 8
 19 0 4.91152  26.974  2.45249 0.7 1 1 7
 19 1 4.87476  28.1055  2.19952 -0.35 1 1 8
 19 2 4.94829  25.8425  2.70545 -0.35 1 1 8
 20 0 24.391  42.6585  23.5657 0.7 1 1 7
 20 1 23.6425  43.5361  23.6883 -0.35 1 1 8
 20 2 25.1396  41.7808  23.4431 -0.35 1 1 8
 21 0 29.6609  11.4418  14.2223 0.7 1 1 7
 21 1 28.8655  11.8485  14.9622 -0.35 1 1 8
 21 2 30.4563  11.0351  13.4824 -0.35 1 1 8
 22 0 0.989684  10.396  27.4355 0.7 1 1 7
 22 1 1.14006  10.338  26.2868 -0.35 1 1 8
 22 2 0.839309  10.454  28.5843 -0.35 1 1 8
 23 0 28.9407  7.80393  16.903 0.7 1 1 7
 23 1 28.5814  6.71141  16.7516 -0.35 1 1 8
 23 2 29.3  8.89644  17.0544 -0.35 1 1 8
 24 0 22.7375  45.0662  4.57661 0.7 1 1 7
 24 1 23.7109  45.3103  5.15842 -0.35 1 1 8
 24 2 21.7641  44.8222  3.9948 -0.35 1 1 8
 25 0 30.9324  23.3699  13.0899 0.7 1 1 7
 25 1 31.6528  23.7342  13.9229 -0.35 1 1 8
 25 2 30.2121  23.0056  12.2568 -0.35 1 1 8
 26 0 19.8113  26.6312  23.9245 0.7 1 1 7
 26 1 20.2041  25.8272  23.1862 -0.35 1 1 8
 26 2 19.4185  27.4351  24.6627 -0.35 1 1 8
 27 0 10.9767  36.5006  13.3801 0.7 1 1 7
 27 1 10.9802  35.3407  13.3747 -0.35 1 1 8
 27 2 10.9732  37.6606  13.3856 -0.35 1 1 8
 28 0 3.14729  24.0785  8.45607 0.7 1 1 7
 28 1 2.94245  23.1705  7.76392 -0.35 1 1 8
 28 2 3.35213  24.9866  9.14823 -0.35 1 1 8
 29 0 15.2929  18.5892  23.1261 0.7 1 1 7
 29 1 15.3917  19.7441  23.1724 -0.35 1 1 8
 29 2 15.1942  17.4343  23.0799 -0.35 1 1 8
 30 0 1.21641  10.4142  1.14869 0.7 1 1 7
 30 1 0.988965  10.2048  2.26672 -0.35 1 1 8
 30 2 1.44386  10.6237  0.0306536 -0.35 1 1 8
 31 0 24.3018  21.4851  17.674 0.7 1 1 7
 31 1 24.7681  22.2931  18.3635 -0.35 1 1 8
 31 2 23.8356  20.6771  16.9845 -0.35 1 1 8
 32 0 32.2758  45.5026  25.1914 0.7 1 1 7
 32 1 31.7175  46.4985  25.3964 -0.35 1 1 8
 32 2 32.8341  44.5066  24.9864 -0.35 1 1 8
 33 0 20.9164  4.06477  28.2351 0.7 1 1 7
 33 1 22.0526  3.89594  28.397 -0.35 1 1 8
 33 2 19.7802  4.2336  28.0733 -0.35 1 1 8
 34 0 24.7501  45.5511  30.3018 0.7 1 1 7
 34 1 25.2496  45.9402  29.3299 -0.35 1 1 8
 34 2 24.2507  45.162  31.2738 -0.35 1 1 8
 35 0 27.9661  6.91957  12.3227 0.7 1 1 7
 35 1 28.7511  7.69999  12.6697 -0.35 1 1 8
 35 2 27.1812  6.13916  11.9757 -0.35 1 1 8
 36 0 13.1213  28.5637  4.31673 0.7 1 1 7
 36 1 13.0616  27.6612  3.5905 -0.35 1 1 8
 36 2 13.181  29.4663  5.04297 -0.35 1 1 8
 37 0 10.8713  19.0694  24.2655 0.7 1 1 7
 37 1 9.74247  19.3315  24.2131 -0.35 1 1 8
 37 2 12  18.8073  24.3179 -0.35 1 1 8
 38 0 28.1973  26.1199  26.7199 0.7 1 1 7
 38 1 28.6514  26.2614  25.6618 -0.35 1 1 8
 38 2 27.7432  25.9783  27.7779 -0.35 1 1 8
 39 0 17.0043  41.3974  27.6824 0.7 1 1 7
 39 1 16.9573  41.9377  26.657 -0.35 1 1 8
 39 2 17.0513  40.857  28.7078 -0.35 1 1 8
 40 0 1.67683  27.3714  29.2253 0.7 1 1 7
 40 1 0.645364  27.2044  29.7291 -0.35 1 1 8
 40 2 2.7083  27.5385  28.7216 -0.35 1 1 8
 41 0 33.4106  34.6128  24.8849 0.7 1 1 7
 41 1 32.7871  34.327  25.8204 -0.35 1 1 8
 41 2 34.034  34.8986  23.9494 -0.35 1 1 8
 42 0 0.657425  13.9495  30.3263 0.7 1 1 7
 42 1 0.296912  13.4258  29.3561 -0.35 1 1 8
 42 2 1.01794  14.4733  31.2965 -0.35 1 1 8
 43 0 17.8723  30.1122  21.6106 0.7 1 1 7
 43 1 17.0864  29.8042  22.4063 -0.35 1 1 8
 43 2 18.6581  30.4202  20.8148 -0.35 1 1 8
 44 0 17.0306  19.2134  16.1173 0.7 1 1 7
 44 1 17.0527  20.3659  16.2475 -0.35 1 1 8
 44 2 17.0085  18.0609  15.9872 -0.35 1 1 8
 45 0 27.1417  25.663  10.8758 0.7 1 1 7
 45 1 26.3676  24.8081  10.7506 -0.35 1 1 8
 45 2 27.9157  26.5178  11.0011 -0.35 1 1 8
 46 0 13.1429  3.57977  11.5053 0.7 1 1 7
 46 1 12.868  4.22224  12.4312 -0.35 1 1 8
 46 2 13.4179  2.93731  10.5794 -0.35 1 1 8
 47 0 10.7079  46.2539  21.8833 0.7 1 1 7
 47 1 10.2945  45.8866  20.8636 -0.35 1 1 8
 47 2 11.1213  46.6212  22.903 -0.35 1 1 8
 48 0 8.3083  7.20611  8.18955 0.7 1 1 7
 48 1 7.9096  6.71575  7.21683 -0.35 1 1 8
 48 2 8.707  7.69647  9.16226 -0.35 1 1 8
 49 0 15.5055  14.5805  4.34403 0.7 1 1 7
 49 1 15.5753  14.8692  3.22272 -0.35 1 1 8
 49 2 15.4357  14.2917  5.46535 -0.35 1 1 8
 50 0 10.5977  4.11917  25.0758 0.7 1 1 7
 50 1 10.172  3.36658  25.8491 -0.35 1 1 8
 50 2 11.0234  4.87175  24.3025 -0.35 1 1 8
 51 0 1.61572  44.8297  27.4648 0.7 1 1 7
 51 1 2.52262  44.6346  28.1613 -0.35 1 1 8
 51 2 0.708832  45.0247  26.7683 -0.35 1 1 8
 52 0 4.69394  31.7753  23.178 0.7 1 1 7
 52 1 3.70521  32.3437  23.39 -0.35 1 1 8
 52 2 5.68267  31.207  22.9659 -0.35 1 1 8
 53 0 28.9586  3.70027  15.711 0.7 1 1 7
 53 1 29.8152  3.63189  14.9318 -0.35 1 1 8
 53 2 28.102  3.76865  16.4902 -0.35 1 1 8
 54 0 18.713  34.1596  24.9809 0.7 1 1 7
 54 1 18.3372  33.4988  25.8571 -0.35 1 1 8
 54 2 19.0887  34.8203  24.1046 -0.35 1 1 8
 55 0 18.1698  13.5103  22.2247 0.7 1 1 7
 55 1 17.58  14.3033  21.6172 -0.35 1 1 8
 55 2 18.7595  12.7174  22.8321 -0.35 1 1 8
 56 0 0.184791  17.9279  29.8228 0.7 1 1 7
 56 1 0.749878  18.7594  29.2442 -0.35 1 1 8
 56 2 -0.380295  17.0963  30.4014 -0.35 1 1 8
 57 0 8.30513  11.0681  28.1131 0.7 1 1 7
 57 1 8.95854  11.9939  27.8649 -0.35 1 1 8
 57 2 7.65171  10.1423  28.3612 -0.35 1 1 8
 58 0 35.118  18.4118  2.69469 0.7 1 1 7
 58 1 35.0732  19.5701  2.64966 -0.35 1 1 8
 58 2 35.1628  17.2536  2.73973 -0.35 1 1 8
 59 0 27.2328  26.8729  22.6788 0.7 1 1 7
 59 1 26.801  25.834  22.9613 -0.35 1 1 8
 59 2 27.6646  27.9118  22.3963 -0.35 1 1 8
 60 0 13.1644  40.9244  9.6171 0.7 1 1 7
 60 1 14.1594  40.384  9.36516 -0.35 1 1 8
 60 2 12.1694  41.4649  9.86903 -0.35 1 1 8
 61 0 13.3944  23.3423  38.5093 0.7 1 1 7
 61 1 12.434  22.7079  38.3652 -0.35 1 1 8
 61 2 14.3548  23.9767  38.6534 -0.35 1 1 8
 62 0 13.5077  21.9717  8.94928 0.7 1 1 7
 62 1 12.3755  21.8912  8.71019 -0.35 1 1 8
 62 2 14.64  22.0522  9.18837 -0.35 1 1 8
 63 0 7.55856  44.855  26.2182 0.7 1 1 7
 63 1 7.3689  45.5012  27.1626 -0.35 1 1 8
 63 2 7.74822  44.2087  25.2738 -0.35 1 1 8
 64 0 24.1801  35.6341  12.5786 0.7 1 1 7
 64 1 24.682  34.9266  13.3487 -0.35 1 1 8
 64 2 23.6781  36.3416  11.8085 -0.35 1 1 8
 65 0 11.3505  7.55049  38.3743 0.7 1 1 7
 65 1 10.6548  8.46648  38.5245 -0.35 1 1 8
 65 2 12.0462  6.6345  38.224 -0.35 1 1 8
 66 0 6.53101  18.6704  11.1157 0.7 1 1 7
 66 1 7.26021  17.8003  10.8773 -0.35 1 1 8
 66 2 5.8018  19.5404  11.354 -0.35 1 1 8
 67 0 16.3737  44.4928  4.34502 0.7 1 1 7
 67 1 15.8136  43.9036  3.51748 -0.35 1 1 8
 67 2 16.9337  45.082  5.17255 -0.35 1 1 8
 68 0 2.69895  7.02876  9.13559 0.7 1 1 7
 68 1 3.5388  7.54544  9.74656 -0.35 1 1 8
 68 2 1.85909  6.51209  8.52461 -0.35 1 1 8
 69 0 19.9247  19.1992  39.1255 0.7 1 1 7
 69 1 21.0439  19.335  39.3983 -0.35 1 1 8
 69 2 18.8055  19.0634  38.8526 -0.35 1 1 8
 70 0 27.8185  8.55658  35.7187 0.7 1 1 7
 70 1 27.3257  9.04194  36.6499 -0.35 1 1 8
 70 2 28.3113  8.07122  34.7875 -0.35 1 1 8
 71 0 32.1432  42.2386  27.6481 0.7 1 1 7
 71 1 31.9983  43.3597  27.388 -0.35 1 1 8
 71 2 32.2881  41.1174  27.9082 -0.35 1 1 8
 72 0 14.1649  26.3648  36.2851 0.7 1 1 7
 72 1 13.2365  25.7879  36.6734 -0.35 1 1 8
 72 2 15.0933  26.9417  35.8969 -0.35 1 1 8
 73 0 24.2109  26.1965  24.3229 0.7 1 1 7
 73 1 23.3983  25.5373  23.8221 -0.35 1 1 8
 73 2 25.0235  26.8556  24.8238 -0.35 1 1 8
 74 0 20.4033  29.8546  30.2217 0.7 1 1 7
 74 1 20.0381  30.0171  31.3106 -0.35 1 1 8
 74 2 20.7684  29.6921  29.1327 -0.35 1 1 8
 75 0 27.2488  11.6954  38.2049 0.7 1 1 7
 75 1 27.098  12.1292  37.1397 -0.35 1 1 8
 75 2 27.3995  11.2616  39.2702 -0.35 1 1 8
 76 0 30.51  19.0458  36.2476 0.7 1 1 7
 76 1 29.9462  20.012  35.9406 -0.35 1 1 8
 76 2 31.0738  18.0796  36.5545 -0.35 1 1 8
 77 0 11.986  37.3251  8.92105 0.7 1 1 7
 77 1 12.6479  37.7483  9.77449 -0.35 1 1 8
 77 2 11.324  36.9019  8.0676 -0.35 1 1 8
 78 0 32.5627  38.1137  9.132 0.7 1 1 7
 78 1 31.4116  38.0944  9.2741 -0.35 1 1 8
 78 2 33.7138  38.133  8.9899 -0.35 1 1 8
 79 0 26.9747  33.6038  29.0286 0.7 1 1 7
 79 1 26.6802  34.7242  29.089 -0.35 1 1 8
 79 2 27.2693  32.4835  28.9683 -0.35 1 1 8
 80 0 17.3486  36.0359  34.6479 0.7 1 1 7
 80 1 16.8697  36.7504  33.8696 -0.35 1 1 8
 80 2 17.8276  35.3214  35.4261 -0.35 1 1 8
 81 0 10.2314  0.799288  30.5121 0.7 1 1 7
 81 1 10.2538  1.70748  29.7908 -0.35 1 1 8
 81 2 10.2091  -0.108903  31.2334 -0.35 1 1 8
 82 0 3.40703  26.43  24.5425 0.7 1 1 7
 82 1 3.901  25.4071  24.778 -0.35 1 1 8
 82 2 2.91307  27.4528  24.307 -0.35 1 1 8
 83 0 24.937  11.2036  15.3947 0.7 1 1 7
 83 1 25.9715  11.3212  15.9062 -0.35 1 1 8
 83 2 23.9025  11.0859  14.8832 -0.35 1 1 8
 84 0 30.8246  11.3866  10.1342 0.7 1 1 7
 84 1 29.7133  11.5141  10.4411 -0.35 1 1 8
 84 2 31.936  11.2591  9.8274 -0.35 1 1 8
 85 0 7.66873  18.347  2.96035 0.7 1 1 7
 85 1 8.01228  17.2649  3.19835 -0.35 1 1 8
 85 2 7.32518  19.4291  2.72234 -0.35 1 1 8
 86 0 3.90967  27.4774  12.033 0.7 1 1 7
 86 1 3.91984  27.4548  10.8733 -0.35 1 1 8
 86 2 3.89951  27.5  13.1928 -0.35 1 1 8
 87 0 26.9058  31.706  22.2392 0.7 1 1 7
 87 1 27.2908  32.364  23.1135 -0.35 1 1 8
 87 2 26.5207  31.0481  21.3649 -0.35 1 1 8
 88 0 0.619725  0.635055  3.76436 0.7 1 1 7
 88 1 1.769  0.789327  3.7333 -0.35 1 1 8
 88 2 -0.529551  0.480784  3.79542 -0.35 1 1 8
 89 0 23.9645  3.64374  15.0155 0.7 1 1 7
 89 1 22.9734  4.21924  14.8364 -0.35 1 1 8
 89 2 24.9556  3.06824  15.1946 -0.35 1 1 8
 90 0 4.61905  26.5466  38.0481 0.7 1 1 7
 90 1 4.94492  26.038  39.0384 -0.35 1 1 8
 90 2 4.29318  27.0553  37.0578 -0.35 1 1 8
 91 0 5.18677  5.0894  9.71081 0.7 1 1 7
 91 1 4.37328  4.32859  10.0349 -0.35 1 1 8
 91 2 6.00026  5.8502  9.38676 -0.35 1 1 8
 92 0 28.7149  0.586338  26.4187 0.7 1 1 7
 92 1 29.1282  -0.456753  26.1242 -0.35 1 1 8
 92 2 28.3015  1.62943  26.7132 -0.35 1 1 8
 93 0 2.84589  19.2262  9.94547 0.7 1 1 7
 93 1 3.40383  18.2093  9.95693 -0.35 1 1 8
 93 2 2.28796  20.2432  9.93401 -0.35 1 1 8
 94 0 26.0279  18.4527  25.674 0.7 1 1 7
 94 1 24.9952  18.9677  25.7919 -0.35 1 1 8
 94 2 27.0606  17.9377  25.5561 -0.35 1 1 8
 95 0 5.53563  11.639  13.7852 0.7 1 1 7
 95 1 6.10035  11.4761  12.7851 -0.35 1 1 8
 95 2 4.9709  11.8018  14.7853 -0.35 1 1 8
 96 0 22.3206  35.6498  17.0851 0.7 1 1 7
 96 1 22.7787  34.6756  16.6529 -0.35 1 1 8
 96 2 21.8626  36.624  17.5172 -0.35 1 1 8
 97 0 18.8863  7.61332  12.4715 0.7 1 1 7
 97 1 18.2115  7.12856  13.2809 -0.35 1 1 8
 97 2 19.5612  8.09808  11.6621 -0.35 1 1 8
 98 0 8.46574  9.27298  35.7604 0.7 1 1 7
 98 1 7.39367  9.25723  36.2031 -0.35 1 1 8
 98 2 9.53781  9.28873  35.3177 -0.35 1 1 8
 99 0 31.9824  34.4746  14.3494 0.7 1 1 7
 99 1 32.8048  34.9425  15.0204 -0.35 1 1 8
 99 2 31.1599  34.0067  13.6784 -0.35 1 1 8
 100 0 10.7583  26.3038  37.6037 0.7 1 1 7
 100 1 10.8819  25.4568  38.3866 -0.35 1 1 8
 100 2 10.6347  27.1508  36.8208 -0.35 1 1 8
 101 0 34.1913  32.7979  11.7178 0.7 1 1 7
 101 1 33.2328  32.4413  11.1703 -0.35 1 1 8
 101 2 35.1498  33.1545  12.2652 -0.35 1 1 8
 102 0 13.6938  4.09617  1.23484 0.7 1 1 7
 102 1 14.582  3.66804  0.623845 -0.35 1 1 8
 102 2 12.8055  4.5243  1.84584 -0.35 1 1 8
 103 0 3.75922  8.52754  17.5264 0.7 1 1 7
 103 1 3.21028  8.88362  16.5685 -0.35 1 1 8
 103 2 4.30816  8.17147  18.4842 -0.35 1 1 8
 104 0 28.7794  40.9564  16.1426 0.7 1 1 7
 104 1 28.4477  42.0459  15.922 -0.35 1 1 8
 104 2 29.1111  39.867  16.3632 -0.35 1 1 8
 105 0 5.16213  33.8188  11.0315 0.7 1 1 7
 105 1 5.96373  32.9803  11.0322 -0.35 1 1 8
 105 2 4.36053  34.6572  11.0308 -0.35 1 1 8
 106 0 31.7392  12.2604  29.2275 0.7 1 1 7
 106 1 31.5689  11.159  28.9056 -0.35 1 1 8
 106 2 31.9096  13.3617  29.5493 -0.35 1 1 8
 107 0 11.2957  29.2451  0.0164111 0.7 1 1 7
 107 1 10.1718  28.9817  0.129785 -0.35 1 1 8
 107 2 12.4197  29.5085  -0.0969624 -0.35 1 1 8
 108 0 27.0331  4.2836  1.97169 0.7 1 1 7
 108 1 26.1313  4.99924  2.11369 -0.35 1 1 8
 108 2 27.9349  3.56795  1.82969 -0.35 1 1 8
 109 0 29.2714  19.8545  25.6178 0.7 1 1 7
 109 1 29.3695  19.6315  26.7519 -0.35 1 1 8
 109 2 29.1733  20.0775  24.4837 -0.35 1 1 8
 110 0 22.7796  28.5385  22.4123 0.7 1 1 7
 110 1 23.902  28.6062  22.6974 -0.35 1 1 8
 110 2 21.6572  28.4708  22.1272 -0.35 1 1 8
 111 0 3.32097  30.2649  4.59787 0.7 1 1 7
 111 1 2.78508  29.4061  4.03133 -0.35 1 1 8
 111 2 3.85687  31.1236  5.16441 -0.35 1 1 8
 112 0 14.4302  34.3344  9.79714 0.7 1 1 7
 112 1 14.1963  33.2252  10.0433 -0.35 1 1 8
 112 2 14.6641  35.4435  9.55094 -0.35 1 1 8
 113 0 30.7833  3.76423  37.8796 0.7 1 1 7
 113 1 31.8158  3.58381  38.3766 -0.35 1 1 8
 113 2 29.7508  3.94465  37.3827 -0.35 1 1 8
 114 0 15.6211  11.5465  25.0194 0.7 1 1 7
 114 1 15.919  12.2251  25.9117 -0.35 1 1 8
 114 2 15.3231  10.8678  24.127 -0.35 1 1 8
 115 0 7.30307  12.1538  39.125 0.7 1 1 7
 115 1 6.89212  12.2822  38.0479 -0.35 1 1 8
 115 2 7.71401  12.0253  40.2021 -0.35 1 1 8
 116 0 25.2335  14.9771  30.2419 0.7 1 1 7
 116 1 26.1661  15.0947  30.9215 -0.35 1 1 8
 116 2 24.3008  14.8595  29.5622 -0.35 1 1 8
 117 0 20.3762  41.9112  36.922 0.7 1 1 7
 117 1 21.4531  42.1714  36.5781 -0.35 1 1 8
 117 2 19.2994  41.651  37.2659 -0.35 1 1 8
 118 0 28.0715  5.60253  8.46736 0.7 1 1 7
 118 1 27.6533  4.91057  9.29917 -0.35 1 1 8
 118 2 28.4897  6.29448  7.63556 -0.35 1 1 8
 119 0 7.40171  4.24106  37.0271 0.7 1 1 7
 119 1 6.98533  3.58478  36.166 -0.35 1 1 8
 119 2 7.81808  4.89735  37.8882 -0.35 1 1 8
 120 0 21.1468  39.748  17.1558 0.7 1 1 7
 120 1 20.4337  38.9328  17.5712 -0.35 1 1 8
 120 2 21.8599  40.5632  16.7404 -0.35 1 1 8
 121 0 20.5377  22.791  16.9105 0.7 1 1 7
 121 1 21.5734  22.8595  17.4283 -0.35 1 1 8
 121 2 19.5019  22.7224  16.3927 -0.35 1 1 8
 122 0 25.426  34.2753  1.82873 0.7 1 1 7
 122 1 25.7134  34.4188  2.94339 -0.35 1 1 8
 122 2 25.1387  34.1319  0.714073 -0.35 1 1 8
 123 0 21.8047  26.4042  27.3874 0.7 1 1 7
 123 1 21.7023  26.267  28.5347 -0.35 1 1 8
 123 2 21.907  26.5414  26.2401 -0.35 1 1 8
 124 0 17.9587  3.19672  13.7271 0.7 1 1 7
 124 1 17.6658  2.96275  12.6294 -0.35 1 1 8
 124 2 18.2515  3.43068  14.8249 -0.35 1 1 8
 125 0 3.50631  0.709215  21.3592 0.7 1 1 7
 125 1 3.69516  1.3505  22.3072 -0.35 1 1 8
 125 2 3.31747  0.0679305  20.4112 -0.35 1 1 8
 126 0 4.36553  3.00174  39.8323 0.7 1 1 7
 126 1 3.91352  3.17332  38.7778 -0.35 1 1 8
 126 2 4.81753  2.83016  40.8867 -0.35 1 1 8
 127 0 33.2839  7.69553  34.7525 0.7 1 1 7
 127 1 33.6347  7.50329  35.8414 -0.35 1 1 8
 127 2 32.933  7.88777  33.6637 -0.35 1 1 8
 128 0 5.32323  26.6883  27.7148 0.7 1 1 7
 128 1 5.23906  25.8076  28.4651 -0.35 1 1 8
 128 2 5.40741  27.569  26.9646 -0.35 1 1 8
 129 0 30.5638  34.6592  10.0902 0.7 1 1 7
 129 1 29.7234  33.9526  9.71615 -0.35 1 1 8
 129 2 31.4043  35.3658  10.4642 -0.35 1 1 8
 130 0 32.6498  29.2611  30.1422 0.7 1 1 7
 130 1 32.432  28.8688  29.0725 -0.35 1 1 8
 130 2 32.8675  29.6534  31.2119 -0.35 1 1 8
 131 0 17.6555  11.325  1.94574 0.7 1 1 7
 131 1 16.6298  10.8139  2.12547 -0.35 1 1 8
 131 2 18.6812  11.8362  1.76602 -0.35 1 1 8
 132 0 19.3712  16.9987  29.9253 0.7 1 1 7
 132 1 19.1303  16.0727  30.581 -0.35 1 1 8
 132 2 19.6121  17.9248  29.2695 -0.35 1 1 8
 133 0 20.3542  8.21904  17.4576 0.7 1 1 7
 133 1 19.903  7.392  18.1344 -0.35 1 1 8
 133 2 20.8055  9.04607  16.7809 -0.35 1 1 8
 134 0 8.91256  3.44876  15.6991 0.7 1 1 7
 134 1 7.93792  3.07157  16.2024 -0.35 1 1 8
 134 2 9.88721  3.82596  15.1957 -0.35 1 1 8
 135 0 19.4337  14.6807  3.35417 0.7 1 1 7
 135 1 19.8142  14.1268  4.29971 -0.35 1 1 8
 135 2 19.0533  15.2346  2.40863 -0.35 1 1 8
 136 0 10.4612  1.34721  21.6203 0.7 1 1 7
 136 1 9.85783  0.69743  20.8724 -0.35 1 1 8
 136 2 11.0646  1.997  22.3682 -0.35 1 1 8
 137 0 31.7828  32.7286  3.62157 0.7 1 1 7
 137 1 31.0703  31.8169  3.70273 -0.35 1 1 8
 137 2 32.4952  33.6404  3.54041 -0.35 1 1 8
 138 0 32.3388  6.76228  17.6915 0.7 1 1 7
 138 1 33.1078  7.22613  18.4258 -0.35 1 1 8
 138 2 31.5698  6.29842  16.9573 -0.35 1 1 8
 139 0 11.2955  26.508  11.7486 0.7 1 1 7
 139 1 10.9859  27.1644  10.8437 -0.35 1 1 8
 139 2 11.605  25.8517  12.6536 -0.35 1 1 8
 140 0 7.61576  29.7963  21.1783 0.7 1 1 7
 140 1 6.7044  29.8282  20.4613 -0.35 1 1 8
 140 2 8.52713  29.7644  21.8952 -0.35 1 1 8
 141 0 29.3214  15.9202  30.5605 0.7 1 1 7
 141 1 29.622  14.8935  31.0091 -0.35 1 1 8
 141 2 29.0209  16.9468  30.1118 -0.35 1 1 8
 142 0 33.2095  13.3596  0.382941 0.7 1 1 7
 142 1 34.1481  13.2464  1.05507 -0.35 1 1 8
 142 2 32.2708  13.4728  -0.28919 -0.35 1 1 8
 143 0 12.5011  15.9238  29.0099 0.7 1 1 7
 143 1 13.6027  15.7946  28.6701 -0.35 1 1 8
 143 2 11.3995  16.0529  29.3497 -0.35 1 1 8
 144 0 24.8124  4.03014  10.8106 0.7 1 1 7
 144 1 25.188  3.65512  11.842 -0.35 1 1 8
 144 2 24.4368  4.40516  9.77915 -0.35 1 1 8
 145 0 31.8574  36.7408  34.1089 0.7 1 1 7
 145 1 30.8036  36.865  33.6401 -0.35 1 1 8
 145 2 32.9111  36.6166  34.5777 -0.35 1 1 8
 146 0 23.6295  7.68722  37.8626 0.7 1 1 7
 146 1 24.4903  8.45959  37.9526 -0.35 1 1 8
 146 2 22.7687  6.91485  37.7726 -0.35 1 1 8
 147 0 13.507  18.6269  15.3074 0.7 1 1 7
 147 1 14.4514  18.8955  14.6897 -0.35 1 1 8
 147 2 12.5627  18.3582  15.9252 -0.35 1 1 8
 148 0 16.6424  18.6615  2.03037 0.7 1 1 7
 148 1 15.6996  19.0875  1.50576 -0.35 1 1 8
 148 2 17.5853  18.2355  2.55497 -0.35 1 1 8
 149 0 0.835849  3.13458  -0.131452 0.7 1 1 7
 149 1 1.32279  3.5595  0.831841 -0.35 1 1 8
 149 2 0.348912  2.70966  -1.09474 -0.35 1 1 8
 150 0 1.81581  12.0809  22.9635 0.7 1 1 7
 150 1 1.32716  11.0436  22.7881 -0.35 1 1 8
 150 2 2.30447  13.1182  23.139 -0.35 1 1 8
 151 0 7.60036  14.4768  30.5706 0.7 1 1 7
 151 1 7.01993  14.4465  29.5667 -0.35 1 1 8
 151 2 8.1808  14.5071  31.5745 -0.35 1 1 8
 152 0 20.8209  34.3712  9.8293 0.7 1 1 7
 152 1 21.4679  33.4331  10.0462 -0.35 1 1 8
 152 2 20.174  35.3093  9.61241 -0.35 1 1 8
 153 0 7.03344  28.8363  30.4949 0.7 1 1 7
 153 1 6.59603  29.6513  31.195 -0.35 1 1 8
 153 2 7.47084  28.0213  29.7949 -0.35 1 1 8
 154 0 22.0377  11.0934  2.20651 0.7 1 1 7
 154 1 22.4629  12.1727  2.19619 -0.35 1 1 8
 154 2 21.6126  10.0142  2.21684 -0.35 1 1 8
 155 0 21.79  6.1742  10.0057 0.7 1 1 7
 155 1 22.4014  6.06714  10.9857 -0.35 1 1 8
 155 2 21.1787  6.28127  9.02569 -0.35 1 1 8
 156 0 6.6261  2.68838  23.3378 0.7 1 1 7
 156 1 6.55386  3.84502  23.3885 -0.35 1 1 8
 156 2 6.69833  1.53174  23.2871 -0.35 1 1 8
 157 0 10.6648  18.9154  27.9371 0.7 1 1 7
 157 1 9.55303  18.8941  28.2675 -0.35 1 1 8
 157 2 11.7765  18.9367  27.6067 -0.35 1 1 8
 158 0 20.5539  11.1517  37.6416 0.7 1 1 7
 158 1 20.1582  11.9106  36.8586 -0.35 1 1 8
 158 2 20.9496  10.3929  38.4247 -0.35 1 1 8
 159 0 3.82447  3.64589  2.15403 0.7 1 1 7
 159 1 4.21426  2.95631  1.3066 -0.35 1 1 8
 159 2 3.43468  4.33548  3.00145 -0.35 1 1 8
 160 0 17.4552  10.3532  35.9728 0.7 1 1 7
 160 1 16.5161  10.7827  36.5012 -0.35 1 1 8
 160 2 18.3944  9.92365  35.4445 -0.35 1 1 8
 161 0 31.7031  18.1688  11.5296 0.7 1 1 7
 161 1 31.5128  17.9588  10.4048 -0.35 1 1 8
 161 2 31.8934  18.3788  12.6544 -0.35 1 1 8
 162 0 0.55539  38.9627  34.9132 0.7 1 1 7
 162 1 0.547325  38.5178  33.8419 -0.35 1 1 8
 162 2 0.563455  39.4076  35.9844 -0.35 1 1 8
 163 0 14.9647  41.7391  12.1552 0.7 1 1 7
 163 1 14.9444  41.0603  13.0956 -0.35 1 1 8
 163 2 14.985  42.4179  11.2147 -0.35 1 1 8
 164 0 22.1283  19.0017  27.9053 0.7 1 1 7
 164 1 22.0611  19.5121  28.9448 -0.35 1 1 8
 164 2 22.1955  18.4912  26.8659 -0.35 1 1 8
 165 0 15.7878  15.883  30.4626 0.7 1 1 7
 165 1 15.2179  15.1021  31.1036 -0.35 1 1 8
 165 2 16.3578  16.6639  29.8215 -0.35 1 1 8
 166 0 6.25141  34.6167  25.3684 0.7 1 1 7
 166 1 6.29684  34.3727  24.2352 -0.35 1 1 8
 166 2 6.20597  34.8607  26.5015 -0.35 1 1 8
 167 0 6.52808  4.04845  27.7366 0.7 1 1 7
 167 1 7.49027  3.40543  27.6571 -0.35 1 1 8
 167 2 5.5659  4.69147  27.8161 -0.35 1 1 8
 168 0 23.7445  11.1089  27.6652 0.7 1 1 7
 168 1 23.5624  11.2935  26.5346 -0.35 1 1 8
 168 2 23.9266  10.9242  28.7958 -0.35 1 1 8
 169 0 26.4201  41.3292  10.7215 0.7 1 1 7
 169 1 26.9128  41.9221  9.85473 -0.35 1 1 8
 169 2 25.9273  40.7363  11.5882 -0.35 1 1 8
 170 0 19.2302  27.3626  14.3243 0.7 1 1 7
 170 1 18.62  27.6636  15.2639 -0.35 1 1 8
 170 2 19.8403  27.0616  13.3848 -0.35 1 1 8
 171 0 5.6772  18.085  29.0626 0.7 1 1 7
 171 1 5.46302  17.2259  29.812 -0.35 1 1 8
 171 2 5.89138  18.9442  28.3132 -0.35 1 1 8
 172 0 2.01413  40.5859  0.842145 0.7 1 1 7
 172 1 2.62316  40.4503  1.82006 -0.35 1 1 8
 172 2 1.4051  40.7214  -0.13577 -0.35 1 1 8
 173 0 4.08487  42.1144  23.3155 0.7 1 1 7
 173 1 4.16692  43.0789  23.9547 -0.35 1 1 8
 173 2 4.00282  41.1499  22.6763 -0.35 1 1 8
 174 0 17.0287  41.101  0.976624 0.7 1 1 7
 174 1 16.6971  40.2679  1.71251 -0.35 1 1 8
 174 2 17.3603  41.9342  0.240738 -0.35 1 1 8
 175 0 27.3726  2.98675  23.3128 0.7 1 1 7
 175 1 26.3898  2.37513  23.2373 -0.35 1 1 8
 175 2 28.3553  3.59838  23.3884 -0.35 1 1 8
 176 0 4.78588  2.64074  13.7779 0.7 1 1 7
 176 1 4.54757  2.86674  12.6654 -0.35 1 1 8
 176 2 5.0242  2.41473  14.8904 -0.35 1 1 8
 177 0 9.8143  34.0068  10.1143 0.7 1 1 7
 177 1 10.7146  34.731  10.2181 -0.35 1 1 8
 177 2 8.91403  33.2827  10.0105 -0.35 1 1 8
 178 0 25.6207  41.1843  36.2311 0.7 1 1 7
 178 1 26.7219  40.9833  35.9269 -0.35 1 1 8
 178 2 24.5195  41.3853  36.5353 -0.35 1 1 8
 179 0 17.0915  14.9909  -0.203148 0.7 1 1 7
 179 1 16.788  13.9496  0.208263 -0.35 1 1 8
 179 2 17.3949  16.0322  -0.614559 -0.35 1 1 8
 180 0 20.8095  19.9949  15.203 0.7 1 1 7
 180 1 20.0709  19.2723  15.7302 -0.35 1 1 8
 180 2 21.548  20.7176  14.6759 -0.35 1 1 8
 181 0 16.0698  7.04603  38.3951 0.7 1 1 7
 181 1 16.4266  6.97186  39.4964 -0.35 1 1 8
 181 2 15.713  7.12021  37.2939 -0.35 1 1 8
 182 0 11.8052  43.6187  30.0451 0.7 1 1 7
 182 1 11.1484  44.203  30.8019 -0.35 1 1 8
 182 2 12.4621  43.0345  29.2883 -0.35 1 1 8
 183 0 14.4669  19.0698  38.0347 0.7 1 1 7
 183 1 15.1031  18.147  38.3337 -0.35 1 1 8
 183 2 13.8307  19.9925  37.7357 -0.35 1 1 8
 184 0 33.8392  21.529  13.7899 0.7 1 1 7
 184 1 34.0367  21.7348  14.9143 -0.35 1 1 8
 184 2 33.6417  21.3233  12.6655 -0.35 1 1 8
 185 0 12.3642  32.8306  3.41743 0.7 1 1 7
 185 1 12.6361  31.7032  3.44349 -0.35 1 1 8
 185 2 12.0923  33.9579  3.39138 -0.35 1 1 8
 186 0 29.048  19.4709  0.134388 0.7 1 1 7
 186 1 28.8477  19.2532  1.25603 -0.35 1 1 8
 186 2 29.2483  19.6887  -0.987253 -0.35 1 1 8
 187 0 8.6317  39.0372  34.9493 0.7 1 1 7
 187 1 9.2863  39.3391  35.8582 -0.35 1 1 8
 187 2 7.97711  38.7354  34.0405 -0.35 1 1 8
 188 0 33.7058  22.0558  9.24668 0.7 1 1 7
 188 1 34.4607  22.5654  9.96514 -0.35 1 1 8
 188 2 32.951  21.5463  8.52822 -0.35 1 1 8
 189 0 31.8675  31.518  26.4826 0.7 1 1 7
 189 1 32.73  31.4759  27.257 -0.35 1 1 8
 189 2 31.0049  31.5601  25.7081 -0.35 1 1 8
 190 0 22.4616  10.4347  9.93374 0.7 1 1 7
 190 1 21.5489  9.71881  9.94121 -0.35 1 1 8
 190 2 23.3743  11.1506  9.92628 -0.35 1 1 8
 191 0 23.8664  18.1798  14.1579 0.7 1 1 7
 191 1 23.3703  17.942  15.1791 -0.35 1 1 8
 191 2 24.3625  18.4176  13.1367 -0.35 1 1 8
 192 0 11.2788  41.454  13.0462 0.7 1 1 7
 192 1 10.3853  42.0461  13.4897 -0.35 1 1 8
 192 2 12.1722  40.8619  12.6026 -0.35 1 1 8
 193 0 8.51555  40.7424  24.8927 0.7 1 1 7
 193 1 9.42754  40.616  25.5983 -0.35 1 1 8
 193 2 7.60356  40.8688  24.1871 -0.35 1 1 8
 194 0 32.3903  42.1951  15.222 0.7 1 1 7
 194 1 33.517  41.9236  15.1728 -0.35 1 1 8
 194 2 31.2636  42.4666  15.2711 -0.35 1 1 8
 195 0 29.4549  41.5683  37.8148 0.7 1 1 7
 195 1 29.0946  42.3546  37.0418 -0.35 1 1 8
 195 2 29.8151  40.7819  38.5878 -0.35 1 1 8
 196 0 21.2414  18.72  11.2022 0.7 1 1 7
 196 1 22.0908  17.9714  10.9494 -0.35 1 1 8
 196 2 20.3921  19.4686  11.455 -0.35 1 1 8
 197 0 32.2403  25.8903  0.949067 0.7 1 1 7
 197 1 31.6656  26.1956  -0.0112246 -0.35 1 1 8
 197 2 32.8149  25.585  1.90936 -0.35 1 1 8
 198 0 31.1926  41.3529  10.0875 0.7 1 1 7
 198 1 32.3285  41.5863  10.1179 -0.35 1 1 8
 198 2 30.0567  41.1195  10.0572 -0.35 1 1 8
 199 0 1.21427  41.5471  11.8512 0.7 1 1 7
 199 1 1.26708  40.6144  12.5388 -0.35 1 1 8
 199 2 1.16145  42.4799  11.1637 -0.35 1 1 8
 200 0 -1.60743  4.66702  9.65832 0.7 1 1 7
 200 1 -2.50379  5.40188  9.70437 -0.35 1 1 8
 200 2 -0.711069  3.93216  9.61228 -0.35 1 1 8
 201 0 19.9678  22.6334  8.71904 0.7 1 1 7
 201 1 21.0046  22.5051  9.22306 -0.35 1 1 8
 201 2 18.9309  22.7616  8.21502 -0.35 1 1 8
 202 0 27.765  11.481  23.391 0.7 1 1 7
 202 1 28.4671  10.5576  23.3915 -0.35 1 1 8
 202 2 27.0629  12.4044  23.3905 -0.35 1 1 8
 203 0 26.1727  8.33676  8.88555 0.7 1 1 7
 203 1 25.7477  7.84279  7.9259 -0.35 1 1 8
 203 2 26.5978  8.83073  9.8452 -0.35 1 1 8
 204 0 9.85123  19.1271  10.0994 0.7 1 1 7
 204 1 10.5926  18.2495  10.2601 -0.35 1 1 8
 204 2 9.10984  20.0047  9.93867 -0.35 1 1 8
 205 0 4.2688  36.9522  34.4927 0.7 1 1 7
 205 1 3.32487  36.9816  33.8191 -0.35 1 1 8
 205 2 5.21273  36.9227  35.1663 -0.35 1 1 8
 206 0 15.9627  8.26258  16.8232 0.7 1 1 7
 206 1 16.465  7.23373  17.0096 -0.35 1 1 8
 206 2 15.4604  9.29142  16.6367 -0.35 1 1 8
 207 0 33.4885  29.2706  4.47992 0.7 1 1 7
 207 1 33.326  28.7385  3.46204 -0.35 1 1 8
 207 2 33.651  29.8027  5.4978 -0.35 1 1 8
 208 0 8.33669  3.35815  11.0398 0.7 1 1 7
 208 1 9.44608  3.39494  11.3767 -0.35 1 1 8
 208 2 7.22729  3.32136  10.7029 -0.35 1 1 8
 209 0 22.7904  2.13924  21.8017 0.7 1 1 7
 209 1 23.1065  1.04532  21.5803 -0.35 1 1 8
 209 2 22.4743  3.23316  22.0231 -0.35 1 1 8
 210 0 20.6814  26.216  10.14 0.7 1 1 7
 210 1 19.78  25.5384  9.86807 -0.35 1 1 8
 210 2 21.5828  26.8936  10.4119 -0.35 1 1 8
 211 0 0.192749  25.8913  14.7979 0.7 1 1 7
 211 1 1.30987  25.6062  14.6701 -0.35 1 1 8
 211 2 -0.924372  26.1765  14.9256 -0.35 1 1 8
 212 0 7.7748  43.9091  21.9563 0.7 1 1 7
 212 1 8.7678  43.3901  22.2566 -0.35 1 1 8
 212 2 6.78181  44.4281  21.6559 -0.35 1 1 8
 213 0 9.48598  8.14007  16.5453 0.7 1 1 7
 213 1 10.1311  8.51173  17.4349 -0.35 1 1 8
 213 2 8.84085  7.76841  15.6558 -0.35 1 1 8
 214 0 5.16063  10.0668  10.0105 0.7 1 1 7
 214 1 5.58441  9.26922  10.7384 -0.35 1 1 8
 214 2 4.73686  10.8644  9.28257 -0.35 1 1 8
 215 0 33.0148  26.0698  27.1983 0.7 1 1 7
 215 1 33.6575  26.7274  26.491 -0.35 1 1 8
 215 2 32.3722  25.4122  27.9055 -0.35 1 1 8
 216 0 26.4667  25.1557  37.3105 0.7 1 1 7
 216 1 25.4306  24.8689  36.8747 -0.35 1 1 8
 216 2 27.5028  25.4424  37.7464 -0.35 1 1 8
 217 0 13.8115  22.8539  14.6802 0.7 1 1 7
 217 1 14.3904  23.6562  14.0746 -0.35 1 1 8
 217 2 13.2325  22.0516  15.2858 -0.35 1 1 8
 218 0 11.6746  9.28721  8.92521 0.7 1 1 7
 218 1 11.3844  10.3372  9.32382 -0.35 1 1 8
 218 2 11.9648  8.23721  8.5266 -0.35 1 1 8
 219 0 4.64221  16.144  4.33655 0.7 1 1 7
 219 1 3.76551  16.2492  3.58426 -0.35 1 1 8
 219 2 5.5189  16.0387  5.08884 -0.35 1 1 8
 220 0 23.5073  24.1013  8.31441 0.7 1 1 7
 220 1 23.442  25.0161  9.02477 -0.35 1 1 8
 220 2 23.5725  23.1866  7.60404 -0.35 1 1 8
 221 0 3.21279  4.27017  25.27 0.7 1 1 7
 221 1 3.65226  4.26045  24.1965 -0.35 1 1 8
 221 2 2.77331  4.27989  26.3435 -0.35 1 1 8
 222 0 5.71637  37.4499  12.9561 0.7 1 1 7
 222 1 5.70726  36.4619  13.5639 -0.35 1 1 8
 222 2 5.72547  38.4378  12.3482 -0.35 1 1 8
 223 0 4.13073  22.7892  34.8351 0.7 1 1 7
 223 1 4.08287  22.0234  33.9651 -0.35 1 1 8
 223 2 4.17859  23.5551  35.705 -0.35 1 1 8
 224 0 22.118  34.5851  36.4535 0.7 1 1 7
 224 1 22.1908  33.73  35.673 -0.35 1 1 8
 224 2 22.0453  35.4403  37.2339 -0.35 1 1 8
 225 0 5.2523  33.1952  28.8719 0.7 1 1 7
 225 1 5.27383  34.2312  29.3931 -0.35 1 1 8
 225 2 5.23076  32.1591  28.3506 -0.35 1 1 8
 226 0 24.9458  9.11255  34.6071 0.7 1 1 7
 226 1 25.5299  8.39172  33.9108 -0.35 1 1 8
 226 2 24.3617  9.83338  35.3034 -0.35 1 1 8
 227 0 20.6491  42.0746  26.4804 0.7 1 1 7
 227 1 20.3691  43.0018  27.1188 -0.35 1 1 8
 227 2 20.929  41.1474  25.8421 -0.35 1 1 8
 228 0 20.7082  8.39753  34.7692 0.7 1 1 7
 228 1 21.3405  8.795  35.6567 -0.35 1 1 8
 228 2 20.0759  8.00005  33.8816 -0.35 1 1 8
 229 0 17.9948  33.1479  3.49213 0.7 1 1 7
 229 1 18.8314  33.9176  3.26116 -0.35 1 1 8
 229 2 17.1582  32.3782  3.72309 -0.35 1 1 8
 230 0 25.3574  7.84077  17.9922 0.7 1 1 7
 230 1 26.3776  7.70438  18.5273 -0.35 1 1 8
 230 2 24.3373  7.97717  17.4572 -0.35 1 1 8
 231 0 3.99976  41.8614  15.1461 0.7 1 1 7
 231 1 4.87747  41.1268  14.9578 -0.35 1 1 8
 231 2 3.12204  42.5961  15.3345 -0.35 1 1 8
 232 0 6.7804  19.6168  38.0428 0.7 1 1 7
 232 1 7.00474  18.6165  37.5001 -0.35 1 1 8
 232 2 6.55606  20.6172  38.5856 -0.35 1 1 8
 233 0 7.81683  34.0297  15.1877 0.7 1 1 7
 233 1 7.98538  35.1024  14.7797 -0.35 1 1 8
 233 2 7.64828  32.957  15.5957 -0.35 1 1 8
 234 0 16.4979  -2.00228  4.16714 0.7 1 1 7
 234 1 15.5661  -2.20826  3.50771 -0.35 1 1 8
 234 2 17.4298  -1.7963  4.82657 -0.35 1 1 8
 235 0 19.9661  44.2279  30.2454 0.7 1 1 7
 235 1 18.8668  44.4343  30.5529 -0.35 1 1 8
 235 2 21.0654  44.0215  29.9379 -0.35 1 1 8
 236 0 30.5595  11.0804  37.828 0.7 1 1 7
 236 1 30.5757  11.3922  38.9452 -0.35 1 1 8
 236 2 30.5434  10.7687  36.7108 -0.35 1 1 8
 237 0 7.6033  30.7732  0.353033 0.7 1 1 7
 237 1 8.34656  31.6618  0.412111 -0.35 1 1 8
 237 2 6.86004  29.8845  0.293955 -0.35 1 1 8
 238 0 29.7516  29.7733  23.2736 0.7 1 1 7
 238 1 29.709  29.3307  24.345 -0.35 1 1 8
 238 2 29.7941  30.2159  22.2023 -0.35 1 1 8
 239 0 9.35918  11.5688  11.3235 0.7 1 1 7
 239 1 8.42331  11.5207  10.6398 -0.35 1 1 8
 239 2 10.2951  11.6168  12.0072 -0.35 1 1 8
 240 0 23.2155  6.91578  14.786 0.7 1 1 7
 240 1 22.0595  6.90127  14.6899 -0.35 1 1 8
 240 2 24.3714  6.93028  14.8822 -0.35 1 1 8
 241 0 26.4207  44.3782  21.5114 0.7 1 1 7
 241 1 25.5439  43.768  21.0594 -0.35 1 1 8
 241 2 27.2976  44.9885  21.9634 -0.35 1 1 8
 242 0 29.4209  11.2117  2.78283 0.7 1 1 7
 242 1 30.2335  12.0323  2.89192 -0.35 1 1 8
 242 2 28.6082  10.3912  2.67373 -0.35 1 1 8
 243 0 29.3068  22.7448  34.4102 0.7 1 1 7
 243 1 28.4179  22.535  35.1254 -0.35 1 1 8
 243 2 30.1957  22.9546  33.6951 -0.35 1 1 8
 244 0 2.36356  34.5397  36.146 0.7 1 1 7
 244 1 2.10118  33.424  35.9675 -0.35 1 1 8
 244 2 2.62594  35.6554  36.3246 -0.35 1 1 8
 245 0 3.11239  37.4851  16.7073 0.7 1 1 7
 245 1 2.16531  37.7942  17.3015 -0.35 1 1 8
 245 2 4.05946  37.1759  16.1131 -0.35 1 1 8
 246 0 24.4046  15.1329  25.8866 0.7 1 1 7
 246 1 23.364  14.7809  25.5139 -0.35 1 1 8
 246 2 25.4452  15.4848  26.2593 -0.35 1 1 8
 247 0 28.3752  22.3511  17.5065 0.7 1 1 7
 247 1 29.3952  21.8027  17.5718 -0.35 1 1 8
 247 2 27.3551  22.8996  17.4411 -0.35 1 1 8
 248 0 31.6154  -0.0173922  0.389456 0.7 1 1 7
 248 1 32.7323  -0.16672  0.664844 -0.35 1 1 8
 248 2 30.4985  0.131935  0.114067 -0.35 1 1 8
 249 0 7.66481  7.91291  12.3989 0.7 1 1 7
 249 1 7.39441  6.83575  12.0639 -0.35 1 1 8
 249 2 7.93521  8.99007  12.7338 -0.35 1 1 8
 250 0 15.7756  36.6664  37.9661 0.7 1 1 7
 250 1 15.6907  35.8933  38.8268 -0.35 1 1 8
 250 2 15.8605  37.4394  37.1054 -0.35 1 1 8
 251 0 23.9348  46.771  21.463 0.7 1 1 7
 251 1 23.5092  45.8988  20.8276 -0.35 1 1 8
 251 2 24.3603  47.6432  22.0984 -0.35 1 1 8
 252 0 29.1638  34.487  36.3681 0.7 1 1 7
 252 1 28.6198  35.4871  36.1456 -0.35 1 1 8
 252 2 29.7079  33.487  36.5905 -0.35 1 1 8
 253 0 32.9829  4.18746  27.6428 0.7 1 1 7
 253 1 33.4915  3.79297  26.6778 -0.35 1 1 8
 253 2 32.4742  4.58195  28.6079 -0.35 1 1 8
 254 0 8.46744  29.4216  25.4983 0.7 1 1 7
 254 1 9.13722  28.5198  25.209 -0.35 1 1 8
 254 2 7.79765  30.3235  25.7876 -0.35 1 1 8
 255 0 14.578  36.7177  17.5866 0.7 1 1 7
 255 1 14.8078  37.3791  18.5115 -0.35 1 1 8
 255 2 14.3482  36.0564  16.6616 -0.35 1 1 8
 256 0 27.7723  37.4094  8.65058 0.7 1 1 7
 256 1 28.0805  37.848  7.62187 -0.35 1 1 8
 256 2 27.4642  36.9708  9.67928 -0.35 1 1 8
 257 0 19.836  22.8722  35.0116 0.7 1 1 7
 257 1 19.0592  23.6719  35.3321 -0.35 1 1 8
 257 2 20.6128  22.0725  34.6912 -0.35 1 1 8
 258 0 -0.577146  25.8482  9.9612 0.7 1 1 7
 258 1 0.358968  26.5323  9.99735 -0.35 1 1 8
 258 2 -1.51326  25.1642  9.92504 -0.35 1 1 8
 259 0 9.12066  23.6626  8.66434 0.7 1 1 7
 259 1 8.59171  24.2433  9.51792 -0.35 1 1 8
 259 2 9.64962  23.0819  7.81076 -0.35 1 1 8
 260 0 33.0942  30.505  22.0845 0.7 1 1 7
 260 1 32.8756  30.5544  23.2226 -0.35 1 1 8
 260 2 33.3127  30.4556  20.9463 -0.35 1 1 8
 261 0 12.9521  6.78699  17.2785 0.7 1 1 7
 261 1 12.9671  6.95545  18.4261 -0.35 1 1 8
 261 2 12.9371  6.61853  16.1309 -0.35 1 1 8
 262 0 9.18306  25.1022  16.9847 0.7 1 1 7
 262 1 8.71734  24.1086  17.3608 -0.35 1 1 8
 262 2 9.64878  26.0958  16.6087 -0.35 1 1 8
 263 0 33.7508  33.4402  38.2496 0.7 1 1 7
 263 1 32.7777  34.0316  38.4706 -0.35 1 1 8
 263 2 34.7239  32.8488  38.0286 -0.35 1 1 8
 264 0 22.5999  2.56034  1.53659 0.7 1 1 7
 264 1 23.2096  1.99248  2.34364 -0.35 1 1 8
 264 2 21.9901  3.12821  0.729544 -0.35 1 1 8
 265 0 14.4458  14.7483  21.9225 0.7 1 1 7
 265 1 14.6141  13.9951  22.7885 -0.35 1 1 8
 265 2 14.2776  15.5015  21.0564 -0.35 1 1 8
 266 0 8.55879  26.0271  23.8039 0.7 1 1 7
 266 1 9.71871  26.0353  23.793 -0.35 1 1 8
 266 2 7.39887  26.019  23.8148 -0.35 1 1 8
 267 0 30.5096  3.26018  2.828 0.7 1 1 7
 267 1 30.4423  2.10521  2.74372 -0.35 1 1 8
 267 2 30.577  4.41515  2.91227 -0.35 1 1 8
 268 0 7.84404  41.3753  11.4639 0.7 1 1 7
 268 1 7.7726  40.5344  12.2598 -0.35 1 1 8
 268 2 7.91549  42.2161  10.6681 -0.35 1 1 8
 269 0 33.401  22.8693  17.7847 0.7 1 1 7
 269 1 34.5469  23.03  17.7033 -0.35 1 1 8
 269 2 32.2551  22.7086  17.8661 -0.35 1 1 8
 270 0 30.9739  27.0111  12.2938 0.7 1 1 7
 270 1 30.5806  26.6917  13.3373 -0.35 1 1 8
 270 2 31.3673  27.3306  11.2504 -0.35 1 1 8
 271 0 13.685  28.8701  21.5006 0.7 1 1 7
 271 1 13.4673  27.8507  22.0096 -0.35 1 1 8
 271 2 13.9027  29.8895  20.9917 -0.35 1 1 8
 272 0 30.9844  17.348  1.57976 0.7 1 1 7
 272 1 31.1474  17.6904  2.67602 -0.35 1 1 8
 272 2 30.8213  17.0056  0.483501 -0.35 1 1 8
 273 0 23.3729  33.804  23.78 0.7 1 1 7
 273 1 22.8485  33.7987  24.8147 -0.35 1 1 8
 273 2 23.8973  33.8092  22.7453 -0.35 1 1 8
 274 0 2.0802  19.1772  25.0465 0.7 1 1 7
 274 1 2.49403  18.4677  25.8657 -0.35 1 1 8
 274 2 1.66637  19.8866  24.2274 -0.35 1 1 8
 275 0 34.4187  26.6104  35.8517 0.7 1 1 7
 275 1 33.3806  26.1557  36.0987 -0.35 1 1 8
 275 2 35.4569  27.0652  35.6048 -0.35 1 1 8
 276 0 25.7492  21.8151  9.1455 0.7 1 1 7
 276 1 26.4806  22.2506  8.35743 -0.35 1 1 8
 276 2 25.0178  21.3797  9.93357 -0.35 1 1 8
 277 0 8.75703  33.4277  37.3798 0.7 1 1 7
 277 1 8.74318  33.7549  38.4926 -0.35 1 1 8
 277 2 8.77087  33.1004  36.267 -0.35 1 1 8
 278 0 15.9998  23.1952  34.7069 0.7 1 1 7
 278 1 16.644  22.6517  33.9099 -0.35 1 1 8
 278 2 15.3556  23.7387  35.5039 -0.35 1 1 8
 279 0 24.6004  35.7506  35.5611 0.7 1 1 7
 279 1 25.4441  35.2827  36.2052 -0.35 1 1 8
 279 2 23.7567  36.2186  34.917 -0.35 1 1 8
 280 0 24.1789  27.181  12.4117 0.7 1 1 7
 280 1 24.3452  27.2273  11.2646 -0.35 1 1 8
 280 2 24.0126  27.1347  13.5588 -0.35 1 1 8
 281 0 11.6885  42.1436  22.9424 0.7 1 1 7
 281 1 12.2058  43.1645  22.7529 -0.35 1 1 8
 281 2 11.1713  41.1228  23.1318 -0.35 1 1 8
 282 0 30.1403  21.5624  9.72286 0.7 1 1 7
 282 1 30.1466  20.5669  10.3183 -0.35 1 1 8
 282 2 30.1341  22.558  9.12744 -0.35 1 1 8
 283 0 30.3564  19.7162  15.602 0.7 1 1 7
 283 1 30.5219  18.6695  16.0739 -0.35 1 1 8
 283 2 30.191  20.7629  15.1301 -0.35 1 1 8
 284 0 30.8048  4.60496  24.8722 0.7 1 1 7
 284 1 31.3313  4.92224  23.8885 -0.35 1 1 8
 284 2 30.2782  4.28767  25.8559 -0.35 1 1 8
 285 0 20.861  15.8227  22.2832 0.7 1 1 7
 285 1 21.2854  15.4081  21.2864 -0.35 1 1 8
 285 2 20.4365  16.2374  23.2799 -0.35 1 1 8
 286 0 1.19526  11.1878  11.3872 0.7 1 1 7
 286 1 0.416777  12.0048  11.1188 -0.35 1 1 8
 286 2 1.97374  10.3707  11.6556 -0.35 1 1 8
 287 0 30.4598  26.229  37.6764 0.7 1 1 7
 287 1 30.598  26.2514  36.5249 -0.35 1 1 8
 287 2 30.3217  26.2065  38.8279 -0.35 1 1 8
 288 0 29.4726  3.15096  29.3991 0.7 1 1 7
 288 1 29.0843  2.1603  29.861 -0.35 1 1 8
 288 2 29.8609  4.14162  28.9371 -0.35 1 1 8
 289 0 24.462  14.8871  4.75039 0.7 1 1 7
 289 1 23.305  14.9365  4.68368 -0.35 1 1 8
 289 2 25.619  14.8376  4.81711 -0.35 1 1 8
 290 0 4.14315  22.0881  12.6499 0.7 1 1 7
 290 1 4.39711  22.5899  11.6354 -0.35 1 1 8
 290 2 3.88919  21.5864  13.6645 -0.35 1 1 8
 291 0 32.7339  10.8685  25.2719 0.7 1 1 7
 291 1 32.3999  11.5802  26.1249 -0.35 1 1 8
 291 2 33.0679  10.1568  24.4189 -0.35 1 1 8
 292 0 9.07076  10.8331  1.54491 0.7 1 1 7
 292 1 8.45405  10.2963  2.36779 -0.35 1 1 8
 292 2 9.68747  11.3699  0.722035 -0.35 1 1 8
 293 0 23.8033  41.3061  27.5667 0.7 1 1 7
 293 1 23.7201  42.3263  27.0209 -0.35 1 1 8
 293 2 23.8865  40.2859  28.1125 -0.35 1 1 8
 294 0 22.3879  41.269  11.9127 0.7 1 1 7
 294 1 22.139  40.3108  12.5173 -0.35 1 1 8
 294 2 22.6368  42.2272  11.3081 -0.35 1 1 8
 295 0 7.16958  29.872  4.4559 0.7 1 1 7
 295 1 6.43354  29.2426  5.09449 -0.35 1 1 8
 295 2 7.90562  30.5013  3.8173 -0.35 1 1 8
 296 0 18.5886  41.7873  13.909 0.7 1 1 7
 296 1 19.6301  41.4798  13.5011 -0.35 1 1 8
 296 2 17.5471  42.0948  14.3168 -0.35 1 1 8
 297 0 16.2838  41.1056  23.2689 0.7 1 1 7
 297 1 15.2246  41.4287  23.6145 -0.35 1 1 8
 297 2 17.3429  40.7826  22.9233 -0.35 1 1 8
 298 0 9.64268  41.4478  28.458 0.7 1 1 7
 298 1 8.95075  42.3649  28.2976 -0.35 1 1 8
 298 2 10.3346  40.5307  28.6184 -0.35 1 1 8
 299 0 10.3803  5.11049  35.9339 0.7 1 1 7
 299 1 10.7302  4.01355  36.075 -0.35 1 1 8
 299 2 10.0305  6.20743  35.7928 -0.35 1 1 8
 300 0 5.77544  21.3359  8.81215 0.7 1 1 7
 300 1 4.70256  20.9135  8.68498 -0.35 1 1 8
 300 2 6.84833  21.7582  8.93932 -0.35 1 1 8
 301 0 13.0318  10.6524  27.6606 0.7 1 1 7
 301 1 13.8666  10.4998  28.4514 -0.35 1 1 8
 301 2 12.197  10.805  26.8698 -0.35 1 1 8
 302 0 10.1599  3.02513  2.83076 0.7 1 1 7
 302 1 9.91315  4.13307  3.06989 -0.35 1 1 8
 302 2 10.4067  1.9172  2.59162 -0.35 1 1 8
 303 0 0.431841  40.7105  24.9437 0.7 1 1 7
 303 1 -0.694019  40.9681  24.8356 -0.35 1 1 8
 303 2 1.5577  40.4529  25.0517 -0.35 1 1 8
 304 0 17.8262  19.2436  36.0798 0.7 1 1 7
 304 1 17.4736  18.1492  36.2334 -0.35 1 1 8
 304 2 18.1788  20.338  35.9262 -0.35 1 1 8
 305 0 27.1504  17.2102  22.2275 0.7 1 1 7
 305 1 26.9427  18.348  22.3157 -0.35 1 1 8
 305 2 27.358  16.0723  22.1393 -0.35 1 1 8
 306 0 17.6543  25.9861  28.145 0.7 1 1 7
 306 1 18.6731  25.4604  28.3222 -0.35 1 1 8
 306 2 16.6356  26.5118  27.9678 -0.35 1 1 8
 307 0 14.1466  12.0966  14.1266 0.7 1 1 7
 307 1 13.8736  11.9073  13.0152 -0.35 1 1 8
 307 2 14.4197  12.2859  15.238 -0.35 1 1 8
 308 0 30.3627  31.9659  29.628 0.7 1 1 7
 308 1 30.3442  32.6828  28.7162 -0.35 1 1 8
 308 2 30.3812  31.2489  30.5397 -0.35 1 1 8
 309 0 33.2562  7.12509  12.4169 0.7 1 1 7
 309 1 33.9145  6.23786  12.0633 -0.35 1 1 8
 309 2 32.5978  8.01232  12.7704 -0.35 1 1 8
 310 0 33.7806  45.8258  30.2232 0.7 1 1 7
 310 1 34.8116  46.1684  29.8167 -0.35 1 1 8
 310 2 32.7496  45.4832  30.6298 -0.35 1 1 8
 311 0 32.6553  39.4297  12.8685 0.7 1 1 7
 311 1 32.7071  38.2735  12.9457 -0.35 1 1 8
 311 2 32.6034  40.586  12.7913 -0.35 1 1 8
 312 0 29.3159  33.6938  25.0555 0.7 1 1 7
 312 1 30.1486  33.8255  24.2587 -0.35 1 1 8
 312 2 28.4833  33.5621  25.8523 -0.35 1 1 8
 313 0 18.6685  8.88381  8.36692 0.7 1 1 7
 313 1 18.5758  9.71762  9.16802 -0.35 1 1 8
 313 2 18.7612  8.04999  7.56582 -0.35 1 1 8
 314 0 3.70306  33.4946  14.5271 0.7 1 1 7
 314 1 2.62987  33.3657  14.9481 -0.35 1 1 8
 314 2 4.77625  33.6235  14.106 -0.35 1 1 8
 315 0 17.519  4.2147  24.9098 0.7 1 1 7
 315 1 17.8766  4.97543  24.1104 -0.35 1 1 8
 315 2 17.1613  3.45398  25.7091 -0.35 1 1 8
 316 0 17.3554  37.3523  8.66556 0.7 1 1 7
 316 1 18.1513  37.6656  9.44918 -0.35 1 1 8
 316 2 16.5595  37.039  7.88194 -0.35 1 1 8
 317 0 34.6999  11.4451  36.7847 0.7 1 1 7
 317 1 35.5335  10.6575  36.61 -0.35 1 1 8
 317 2 33.8664  12.2326  36.9594 -0.35 1 1 8
 318 0 13.596  26.314  27.1629 0.7 1 1 7
 318 1 13.3139  25.7831  28.1549 -0.35 1 1 8
 318 2 13.8781  26.8448  26.1708 -0.35 1 1 8
 319 0 18.6895  33.4002  37.3423 0.7 1 1 7
 319 1 19.8298  33.4461  37.1341 -0.35 1 1 8
 319 2 17.5493  33.3542  37.5504 -0.35 1 1 8
 320 0 18.7448  3.81172  9.91895 0.7 1 1 7
 320 1 19.7034  3.15883  9.8977 -0.35 1 1 8
 320 2 17.7862  4.46461  9.94019 -0.35 1 1 8
 321 0 13.5053  34.4228  27.9602 0.7 1 1 7
 321 1 12.6361  34.7321  28.6633 -0.35 1 1 8
 321 2 14.3746  34.1135  27.2571 -0.35 1 1 8
 322 0 3.70331  3.31434  29.0082 0.7 1 1 7
 322 1 4.08041  2.28345  28.6331 -0.35 1 1 8
 322 2 3.32621  4.34522  29.3832 -0.35 1 1 8
 323 0 15.7837  10.2104  11.0988 0.7 1 1 7
 323 1 15.072  10.4201  10.2071 -0.35 1 1 8
 323 2 16.4954  10.0007  11.9904 -0.35 1 1 8
 324 0 29.8641  41.7467  2.87743 0.7 1 1 7
 324 1 29.7266  42.803  3.33662 -0.35 1 1 8
 324 2 30.0016  40.6903  2.41825 -0.35 1 1 8
 325 0 28.4459  10.9378  27.3247 0.7 1 1 7
 325 1 28.2011  10.0549  28.0363 -0.35 1 1 8
 325 2 28.6906  11.8206  26.6132 -0.35 1 1 8
 326 0 0.28063  3.61446  23.124 0.7 1 1 7
 326 1 -0.456399  2.84219  23.5778 -0.35 1 1 8
 326 2 1.01766  4.38673  22.6701 -0.35 1 1 8
 327 0 5.69011  10.9734  23.8875 0.7 1 1 7
 327 1 6.7176  10.4955  23.6394 -0.35 1 1 8
 327 2 4.66262  11.4513  24.1355 -0.35 1 1 8
 328 0 21.6815  19.1573  -1.34105 0.7 1 1 7
 328 1 21.2274  18.5814  -0.442299 -0.35 1 1 8
 328 2 22.1357  19.7332  -2.23979 -0.35 1 1 8
 329 0 23.4513  18.519  23.6846 0.7 1 1 7
 329 1 22.8281  19.4946  23.61 -0.35 1 1 8
 329 2 24.0744  17.5434  23.7592 -0.35 1 1 8
 330 0 12.0581  4.11877  28.1685 0.7 1 1 7
 330 1 12.8253  3.61065  27.4624 -0.35 1 1 8
 330 2 11.2908  4.62689  28.8747 -0.35 1 1 8
 331 0 30.4454  41.5765  24.4102 0.7 1 1 7
 331 1 30.8739  40.7252  23.7489 -0.35 1 1 8
 331 2 30.0169  42.4277  25.0715 -0.35 1 1 8
 332 0 21.432  14.0456  30.6482 0.7 1 1 7
 332 1 21.136  13.3004  29.81 -0.35 1 1 8
 332 2 21.728  14.7909  31.4865 -0.35 1 1 8
 333 0 19.8041  11.7447  11.7226 0.7 1 1 7
 333 1 19.7714  12.2234  10.6665 -0.35 1 1 8
 333 2 19.8368  11.266  12.7787 -0.35 1 1 8
 334 0 4.23149  41.5462  29.0136 0.7 1 1 7
 334 1 4.50933  42.6039  29.4004 -0.35 1 1 8
 334 2 3.95365  40.4885  28.6267 -0.35 1 1 8
 335 0 18.2912  26.1062  1.74421 0.7 1 1 7
 335 1 18.8261  25.4863  2.56594 -0.35 1 1 8
 335 2 17.7564  26.7261  0.92247 -0.35 1 1 8
 336 0 26.249  21.0714  15.1563 0.7 1 1 7
 336 1 26.582  19.9797  15.3639 -0.35 1 1 8
 336 2 25.9161  22.163  14.9488 -0.35 1 1 8
 337 0 16.0688  17.8911  10.7239 0.7 1 1 7
 337 1 17.1454  17.7388  10.3196 -0.35 1 1 8
 337 2 14.9923  18.0434  11.1282 -0.35 1 1 8
 338 0 17.2827  2.90427  29.2203 0.7 1 1 7
 338 1 16.9019  3.96792  28.9573 -0.35 1 1 8
 338 2 17.6636  1.84062  29.4833 -0.35 1 1 8
 339 0 33.1926  8.15995  8.89179 0.7 1 1 7
 339 1 32.6708  7.99262  7.86937 -0.35 1 1 8
 339 2 33.7144  8.32728  9.9142 -0.35 1 1 8
 340 0 26.5097  -1.18589  21.8663 0.7 1 1 7
 340 1 25.7745  -0.521498  21.2632 -0.35 1 1 8
 340 2 27.2449  -1.85028  22.4693 -0.35 1 1 8
 341 0 18.3552  33.7172  12.3231 0.7 1 1 7
 341 1 17.9268  33.8771  11.2571 -0.35 1 1 8
 341 2 18.7836  33.5573  13.3892 -0.35 1 1 8
 342 0 31.9815  14.2767  21.5552 0.7 1 1 7
 342 1 31.0386  14.0851  20.9072 -0.35 1 1 8
 342 2 32.9244  14.4684  22.2031 -0.35 1 1 8
 343 0 9.76319  18.1585  13.9709 0.7 1 1 7
 343 1 10.1306  17.5121  14.8613 -0.35 1 1 8
 343 2 9.39577  18.8049  13.0806 -0.35 1 1 8
 344 0 9.53232  12.3952  22.3326 0.7 1 1 7
 344 1 9.49551  13.3332  21.6511 -0.35 1 1 8
 344 2 9.56913  11.4572  23.014 -0.35 1 1 8
 345 0 2.70713  36.8149  12.8161 0.7 1 1 7
 345 1 2.39011  36.2912  13.8014 -0.35 1 1 8
 345 2 3.02415  37.3386  11.8308 -0.35 1 1 8
 346 0 26.8041  4.27947  26.6135 0.7 1 1 7
 346 1 27.4543  4.41232  27.565 -0.35 1 1 8
 346 2 26.1539  4.14662  25.6621 -0.35 1 1 8
 347 0 2.51427  44.7513  3.83829 0.7 1 1 7
 347 1 1.71591  45.0057  3.03609 -0.35 1 1 8
 347 2 3.31262  44.497  4.64049 -0.35 1 1 8
 348 0 7.4648  16.008  22.936 0.7 1 1 7
 348 1 8.03003  16.4066  23.8673 -0.35 1 1 8
 348 2 6.89958  15.6094  22.0048 -0.35 1 1 8
 349 0 19.7591  37.9413  14.332 0.7 1 1 7
 349 1 20.8076  37.8009  14.8081 -0.35 1 1 8
 349 2 18.7107  38.0817  13.856 -0.35 1 1 8
 350 0 18.3268  33.1793  29.468 0.7 1 1 7
 350 1 17.9359  32.1055  29.6673 -0.35 1 1 8
 350 2 18.7177  34.2531  29.2686 -0.35 1 1 8
 351 0 2.8099  19.0329  35.9121 0.7 1 1 7
 351 1 2.11241  19.9377  35.7111 -0.35 1 1 8
 351 2 3.5074  18.128  36.1131 -0.35 1 1 8
 352 0 16.7162  2.5743  3.9012 0.7 1 1 7
 352 1 16.5656  1.50268  4.31896 -0.35 1 1 8
 352 2 16.8669  3.64592  3.48343 -0.35 1 1 8
 353 0 5.25335  25.8148  16.162 0.7 1 1 7
 353 1 6.21281  25.1703  16.2597 -0.35 1 1 8
 353 2 4.2939  26.4594  16.0644 -0.35 1 1 8
 354 0 27.9365  32.8984  13.8127 0.7 1 1 7
 354 1 27.8209  33.2389  12.7098 -0.35 1 1 8
 354 2 28.0521  32.5578  14.9155 -0.35 1 1 8
 355 0 33.4155  38.0016  17.1093 0.7 1 1 7
 355 1 33.0247  37.8663  16.0255 -0.35 1 1 8
 355 2 33.8062  38.137  18.1931 -0.35 1 1 8
 356 0 7.55707  37.8458  16.8854 0.7 1 1 7
 356 1 7.05105  38.2783  15.9354 -0.35 1 1 8
 356 2 8.06309  37.4134  17.8354 -0.35 1 1 8
 357 0 9.8721  11.1959  15.2908 0.7 1 1 7
 357 1 11.0057  11.2139  15.5364 -0.35 1 1 8
 357 2 8.73853  11.1779  15.0452 -0.35 1 1 8
 358 0 3.41684  5.02497  16.1811 0.7 1 1 7
 358 1 4.25887  5.70328  16.6013 -0.35 1 1 8
 358 2 2.57482  4.34666  15.761 -0.35 1 1 8
 359 0 -0.484998  3.54827  14.9016 0.7 1 1 7
 359 1 -0.911567  2.55743  15.3281 -0.35 1 1 8
 359 2 -0.0584293  4.53911  14.4751 -0.35 1 1 8
 360 0 4.16358  18.9463  0.491884 0.7 1 1 7
 360 1 3.02495  19.1605  0.54901 -0.35 1 1 8
 360 2 5.3022  18.7322  0.434758 -0.35 1 1 8
 361 0 8.95148  32.816  27.5268 0.7 1 1 7
 361 1 9.51301  33.4637  26.7453 -0.35 1 1 8
 361 2 8.38995  32.1684  28.3084 -0.35 1 1 8
 362 0 9.97623  44.9488  0.199092 0.7 1 1 7
 362 1 9.62318  45.409  -0.805502 -0.35 1 1 8
 362 2 10.3293  44.4887  1.20369 -0.35 1 1 8
 363 0 8.0612  36.7618  8.6924 0.7 1 1 7
 363 1 8.28999  37.3434  7.71518 -0.35 1 1 8
 363 2 7.83242  36.1802  9.66963 -0.35 1 1 8
 364 0 5.22262  6.95881  34.6673 0.7 1 1 7
 364 1 5.67337  7.54899  33.7761 -0.35 1 1 8
 364 2 4.77187  6.36863  35.5584 -0.35 1 1 8
 365 0 26.0254  33.2058  38.0543 0.7 1 1 7
 365 1 25.7583  33.9897  38.8665 -0.35 1 1 8
 365 2 26.2926  32.4219  37.2421 -0.35 1 1 8
 366 0 5.59576  33.247  2.7451 0.7 1 1 7
 366 1 6.02379  32.2848  2.2589 -0.35 1 1 8
 366 2 5.16772  34.2093  3.2313 -0.35 1 1 8
 367 0 25.4094  39.5199  16.2086 0.7 1 1 7
 367 1 26.3532  40.1431  16.4661 -0.35 1 1 8
 367 2 24.4656  38.8966  15.951 -0.35 1 1 8
 368 0 4.09159  10.9303  36.079 0.7 1 1 7
 368 1 4.10965  10.4454  35.0253 -0.35 1 1 8
 368 2 4.07353  11.4152  37.1326 -0.35 1 1 8
 369 0 18.5052  29.206  4.30381 0.7 1 1 7
 369 1 18.4057  28.1917  3.74998 -0.35 1 1 8
 369 2 18.6046  30.2204  4.85763 -0.35 1 1 8
 370 0 22.5601  30.6729  4.11452 0.7 1 1 7
 370 1 21.7035  31.3534  3.72897 -0.35 1 1 8
 370 2 23.4167  29.9923  4.50007 -0.35 1 1 8
 371 0 32.6685  10.524  16.3473 0.7 1 1 7
 371 1 32.9574  9.59435  16.978 -0.35 1 1 8
 371 2 32.3796  11.4537  15.7165 -0.35 1 1 8
 372 0 29.526  34.7031  1.43211 0.7 1 1 7
 372 1 30.5567  34.4303  0.975011 -0.35 1 1 8
 372 2 28.4954  34.976  1.88922 -0.35 1 1 8
 373 0 18.6016  10.6468  15.6103 0.7 1 1 7
 373 1 18.0306  9.76314  15.1216 -0.35 1 1 8
 373 2 19.1726  11.5304  16.099 -0.35 1 1 8
 374 0 12.5565  30.313  30.473 0.7 1 1 7
 374 1 12.9078  29.6913  31.3871 -0.35 1 1 8
 374 2 12.2051  30.9348  29.5589 -0.35 1 1 8
 375 0 21.886  11.7175  22.832 0.7 1 1 7
 375 1 21.6605  12.7133  22.2814 -0.35 1 1 8
 375 2 22.1115  10.7217  23.3826 -0.35 1 1 8
 376 0 3.25539  17.8737  13.7703 0.7 1 1 7
 376 1 3.48381  17.8976  14.9073 -0.35 1 1 8
 376 2 3.02697  17.8499  12.6332 -0.35 1 1 8
 377 0 14.7867  33.2826  14.5785 0.7 1 1 7
 377 1 15.4071  33.7021  13.6927 -0.35 1 1 8
 377 2 14.1663  32.8632  15.4644 -0.35 1 1 8
 378 0 13.7324  3.42482  37.765 0.7 1 1 7
 378 1 13.7806  3.36233  38.9223 -0.35 1 1 8
 378 2 13.6841  3.4873  36.6077 -0.35 1 1 8
 379 0 23.0013  23.9866  12.982 0.7 1 1 7
 379 1 22.4129  24.068  13.9784 -0.35 1 1 8
 379 2 23.5898  23.9051  11.9857 -0.35 1 1 8
 380 0 18.7498  41.3987  10.0786 0.7 1 1 7
 380 1 17.7191  41.5251  10.5958 -0.35 1 1 8
 380 2 19.7804  41.2724  9.56146 -0.35 1 1 8
 381 0 1.49487  14.3954  4.33684 0.7 1 1 7
 381 1 1.07652  14.8156  5.33385 -0.35 1 1 8
 381 2 1.91322  13.9752  3.33984 -0.35 1 1 8
 382 0 24.7363  0.328193  25.0532 0.7 1 1 7
 382 1 24.0708  1.2541  25.2663 -0.35 1 1 8
 382 2 25.4018  -0.597711  24.8401 -0.35 1 1 8
 383 0 26.1595  34.6388  25.21 0.7 1 1 7
 383 1 26.5702  35.1133  24.2344 -0.35 1 1 8
 383 2 25.7488  34.1642  26.1855 -0.35 1 1 8
 384 0 5.75087  18.8507  23.4286 0.7 1 1 7
 384 1 4.81547  18.2559  23.7705 -0.35 1 1 8
 384 2 6.68627  19.4455  23.0867 -0.35 1 1 8
 385 0 4.88819  0.625414  4.3179 0.7 1 1 7
 385 1 5.25924  1.26487  3.42402 -0.35 1 1 8
 385 2 4.51714  -0.0140398  5.21178 -0.35 1 1 8
 386 0 26.4387  25.4811  0.785087 0.7 1 1 7
 386 1 26.4645  25.2861  1.92829 -0.35 1 1 8
 386 2 26.4129  25.6762  -0.358112 -0.35 1 1 8
 387 0 28.3171  41.1536  27.7709 0.7 1 1 7
 387 1 27.2721  41.2762  27.2825 -0.35 1 1 8
 387 2 29.3621  41.031  28.2594 -0.35 1 1 8
 388 0 11.2944  35.7281  35.1891 0.7 1 1 7
 388 1 10.9116  36.5887  34.512 -0.35 1 1 8
 388 2 11.6773  34.8675  35.8661 -0.35 1 1 8
 389 0 11.7798  18.8947  2.60573 0.7 1 1 7
 389 1 10.6282  19.0318  2.62858 -0.35 1 1 8
 389 2 12.9315  18.7575  2.58287 -0.35 1 1 8
 390 0 24.8302  25.1145  16.6913 0.7 1 1 7
 390 1 25.7678  25.6907  16.3245 -0.35 1 1 8
 390 2 23.8926  24.5383  17.058 -0.35 1 1 8
 391 0 16.3086  26.5937  10.4819 0.7 1 1 7
 391 1 15.5266  25.8139  10.837 -0.35 1 1 8
 391 2 17.0905  27.3734  10.1267 -0.35 1 1 8
 392 0 7.70147  44.8093  30.5039 0.7 1 1 7
 392 1 8.55188  45.1912  31.1942 -0.35 1 1 8
 392 2 6.85106  44.4274  29.8136 -0.35 1 1 8
 393 0 22.6129  25.8417  35.3608 0.7 1 1 7
 393 1 22.9946  26.8336  35.8257 -0.35 1 1 8
 393 2 22.2312  24.8499  34.8959 -0.35 1 1 8
 394 0 13.0035  7.83638  34.5343 0.7 1 1 7
 394 1 13.2325  8.12155  35.6351 -0.35 1 1 8
 394 2 12.7745  7.55121  33.4334 -0.35 1 1 8
 395 0 15.151  7.00026  8.20742 0.7 1 1 7
 395 1 14.2352  6.86012  7.50934 -0.35 1 1 8
 395 2 16.0668  7.1404  8.90549 -0.35 1 1 8
 396 0 24.6251  22.3202  34.3968 0.7 1 1 7
 396 1 24.318  22.6785  33.3371 -0.35 1 1 8
 396 2 24.9322  21.9619  35.4564 -0.35 1 1 8
 397 0 24.4572  41.4815  3.24839 0.7 1 1 7
 397 1 24.7022  42.3476  3.98016 -0.35 1 1 8
 397 2 24.2122  40.6155  2.51662 -0.35 1 1 8
 398 0 13.2407  14.359  0.111441 0.7 1 1 7
 398 1 13.5049  14.8852  -0.887975 -0.35 1 1 8
 398 2 12.9765  13.8327  1.11086 -0.35 1 1 8
 399 0 28.1917  18.7909  11.6974 0.7 1 1 7
 399 1 27.7228  19.746  12.1593 -0.35 1 1 8
 399 2 28.6607  17.8357  11.2355 -0.35 1 1 8
 400 0 4.75077  38.9314  9.1796 0.7 1 1 7
 400 1 3.99441  39.7564  9.48435 -0.35 1 1 8
 400 2 5.50712  38.1064  8.87486 -0.35 1 1 8
 401 0 -0.148595  43.759  22.2888 0.7 1 1 7
 401 1 0.591885  43.1734  22.9628 -0.35 1 1 8
 401 2 -0.889076  44.3447  21.6148 -0.35 1 1 8
 402 0 4.10063  21.5716  17.0805 0.7 1 1 7
 402 1 4.8736  21.7804  17.9199 -0.35 1 1 8
 402 2 3.32766  21.3628  16.2412 -0.35 1 1 8
 403 0 29.4897  15.2776  3.66097 0.7 1 1 7
 403 1 29.4991  15.1533  4.81426 -0.35 1 1 8
 403 2 29.4804  15.4018  2.50768 -0.35 1 1 8
 404 0 22.6261  22.4381  38.2303 0.7 1 1 7
 404 1 23.2444  22.3071  39.203 -0.35 1 1 8
 404 2 22.0078  22.5691  37.2576 -0.35 1 1 8
 405 0 1.22749  1.30417  29.866 0.7 1 1 7
 405 1 1.44045  0.447346  30.6184 -0.35 1 1 8
 405 2 1.01452  2.16099  29.1136 -0.35 1 1 8
 406 0 9.99967  33.7929  23.8167 0.7 1 1 7
 406 1 10.9439  34.439  24.0079 -0.35 1 1 8
 406 2 9.05546  33.1467  23.6255 -0.35 1 1 8
 407 0 0.343474  16.7866  22.2185 0.7 1 1 7
 407 1 -0.323921  17.7263  22.3493 -0.35 1 1 8
 407 2 1.01087  15.8469  22.0876 -0.35 1 1 8
 408 0 22.6024  -0.136768  29.6745 0.7 1 1 7
 408 1 22.0214  0.671192  30.2706 -0.35 1 1 8
 408 2 23.1833  -0.944727  29.0783 -0.35 1 1 8
 409 0 26.299  29.1556  3.56556 0.7 1 1 7
 409 1 26.2576  28.6517  4.60956 -0.35 1 1 8
 409 2 26.3403  29.6595  2.52156 -0.35 1 1 8
 410 0 14.8515  34.1  23.8452 0.7 1 1 7
 410 1 13.8177  34.4427  23.446 -0.35 1 1 8
 410 2 15.8854  33.7573  24.2443 -0.35 1 1 8
 411 0 10.4263  20.9258  17.182 0.7 1 1 7
 411 1 10.1038  20.2474  16.2981 -0.35 1 1 8
 411 2 10.7488  21.6041  18.066 -0.35 1 1 8
 412 0 10.5305  19.4505  35.9677 0.7 1 1 7
 412 1 10.3903  20.6017  35.9415 -0.35 1 1 8
 412 2 10.6708  18.2993  35.9939 -0.35 1 1 8
 413 0 20.5823  37.8866  35.3265 0.7 1 1 7
 413 1 20.9636  37.6921  34.2484 -0.35 1 1 8
 413 2 20.201  38.081  36.4046 -0.35 1 1 8
 414 0 14.9328  37.5783  12.4453 0.7 1 1 7
 414 1 13.9356  37.0413  12.6958 -0.35 1 1 8
 414 2 15.93  38.1154  12.1947 -0.35 1 1 8
 415 0 20.0311  10.6133  26.9579 0.7 1 1 7
 415 1 20.8226  10.2581  27.7279 -0.35 1 1 8
 415 2 19.2396  10.9684  26.1879 -0.35 1 1 8
 416 0 2.30315  30.8304  30.815 0.7 1 1 7
 416 1 3.41266  31.1242  30.9831 -0.35 1 1 8
 416 2 1.19364  30.5366  30.6469 -0.35 1 1 8
 417 0 24.595  18.5395  37.1028 0.7 1 1 7
 417 1 24.7699  19.0695  38.1197 -0.35 1 1 8
 417 2 24.42  18.0095  36.0859 -0.35 1 1 8
 418 0 22.9341  19.1643  2.41668 0.7 1 1 7
 418 1 22.1399  19.6186  3.12973 -0.35 1 1 8
 418 2 23.7284  18.71  1.70364 -0.35 1 1 8
 419 0 14.8407  19.0989  27.5379 0.7 1 1 7
 419 1 14.9632  19.0763  28.6912 -0.35 1 1 8
 419 2 14.7182  19.1216  26.3846 -0.35 1 1 8
 420 0 27.875  29.0584  30.0058 0.7 1 1 7
 420 1 27.0137  29.0456  30.7827 -0.35 1 1 8
 420 2 28.7363  29.0711  29.2288 -0.35 1 1 8
 421 0 29.0541  35.4819  17.311 0.7 1 1 7
 421 1 28.8022  36.4599  17.8816 -0.35 1 1 8
 421 2 29.3061  34.5039  16.7403 -0.35 1 1 8
 422 0 9.15741  26.9012  2.80189 0.7 1 1 7
 422 1 8.269  26.1932  2.56721 -0.35 1 1 8
 422 2 10.0458  27.6092  3.03656 -0.35 1 1 8
 423 0 4.27687  40.3269  36.0518 0.7 1 1 7
 423 1 5.34687  40.6992  36.3009 -0.35 1 1 8
 423 2 3.20687  39.9545  35.8027 -0.35 1 1 8
 424 0 13.1821  12.1764  37.7725 0.7 1 1 7
 424 1 13.3734  11.9764  38.899 -0.35 1 1 8
 424 2 12.9909  12.3763  36.6459 -0.35 1 1 8
 425 0 26.4192  10.7808  0.320966 0.7 1 1 7
 425 1 25.4216  11.2819  0.635934 -0.35 1 1 8
 425 2 27.4169  10.2797  0.00599685 -0.35 1 1 8
 426 0 12.3496  22.6562  34.529 0.7 1 1 7
 426 1 11.9968  23.6545  35.0028 -0.35 1 1 8
 426 2 12.7023  21.6578  34.0552 -0.35 1 1 8
 427 0 26.7906  11.5678  11.4346 0.7 1 1 7
 427 1 27.1343  11.0113  12.3925 -0.35 1 1 8
 427 2 26.4468  12.1244  10.4766 -0.35 1 1 8
 428 0 15.9671  22.9376  18.0923 0.7 1 1 7
 428 1 16.9242  22.4176  18.4912 -0.35 1 1 8
 428 2 15.01  23.4576  17.6933 -0.35 1 1 8
 429 0 18.2667  34.6748  16.356 0.7 1 1 7
 429 1 19.1659  35.4073  16.3333 -0.35 1 1 8
 429 2 17.3675  33.9423  16.3787 -0.35 1 1 8
 430 0 18.1924  27.3175  38.2644 0.7 1 1 7
 430 1 18.6212  27.0583  39.3106 -0.35 1 1 8
 430 2 17.7636  27.5768  37.2183 -0.35 1 1 8
 431 0 21.9857  38.3446  9.00075 0.7 1 1 7
 431 1 21.6696  38.3795  7.88519 -0.35 1 1 8
 431 2 22.3018  38.3096  10.1163 -0.35 1 1 8
 432 0 34.3703  35.0435  28.5787 0.7 1 1 7
 432 1 35.4903  35.1814  28.3104 -0.35 1 1 8
 432 2 33.2502  34.9057  28.847 -0.35 1 1 8
 433 0 27.1529  38.1289  34.5641 0.7 1 1 7
 433 1 26.199  38.2296  35.2165 -0.35 1 1 8
 433 2 28.1067  38.0282  33.9117 -0.35 1 1 8
 434 0 14.8464  30.6741  1.86869 0.7 1 1 7
 434 1 14.5522  31.707  1.43029 -0.35 1 1 8
 434 2 15.1406  29.6412  2.30708 -0.35 1 1 8
 435 0 31.292  22.5054  38.9685 0.7 1 1 7
 435 1 30.6772  21.5492  39.1993 -0.35 1 1 8
 435 2 31.9067  23.4617  38.7378 -0.35 1 1 8
 436 0 8.68288  23.6316  34.9328 0.7 1 1 7
 436 1 8.28468  24.4482  35.654 -0.35 1 1 8
 436 2 9.08108  22.815  34.2115 -0.35 1 1 8
 437 0 -0.0557642  22.792  34.4142 0.7 1 1 7
 437 1 -1.17042  23.1085  34.3597 -0.35 1 1 8
 437 2 1.05889  22.4755  34.4688 -0.35 1 1 8
 438 0 21.6548  32.8818  13.8619 0.7 1 1 7
 438 1 22.1044  33.2244  12.8489 -0.35 1 1 8
 438 2 21.2052  32.5392  14.8749 -0.35 1 1 8
 439 0 9.84148  40.5395  1.2578 0.7 1 1 7
 439 1 9.38017  40.9367  0.270369 -0.35 1 1 8
 439 2 10.3028  40.1423  2.24522 -0.35 1 1 8
 440 0 6.95669  14.4602  25.8857 0.7 1 1 7
 440 1 7.1713  13.6612  25.0726 -0.35 1 1 8
 440 2 6.74208  15.2592  26.6988 -0.35 1 1 8
 441 0 16.8956  29.322  29.2959 0.7 1 1 7
 441 1 17.9437  28.9129  29.0136 -0.35 1 1 8
 441 2 15.8475  29.7311  29.5783 -0.35 1 1 8
 442 0 33.9627  19.8941  37.6622 0.7 1 1 7
 442 1 34.1545  21.0216  37.8564 -0.35 1 1 8
 442 2 33.7709  18.7667  37.4681 -0.35 1 1 8
 443 0 20.2638  42.521  2.78454 0.7 1 1 7
 443 1 19.5166  42.1895  3.60754 -0.35 1 1 8
 443 2 21.0111  42.8524  1.96153 -0.35 1 1 8
 444 0 30.1716  2.75731  11.618 0.7 1 1 7
 444 1 29.1485  3.24914  11.8569 -0.35 1 1 8
 444 2 31.1946  2.26547  11.3791 -0.35 1 1 8
 445 0 1.63688  32.0392  26.053 0.7 1 1 7
 445 1 1.17494  32.6072  25.1533 -0.35 1 1 8
 445 2 2.09882  31.4711  26.9527 -0.35 1 1 8
 446 0 12.4093  20.4745  11.9814 0.7 1 1 7
 446 1 11.9694  20.9613  12.938 -0.35 1 1 8
 446 2 12.8492  19.9876  11.0248 -0.35 1 1 8
 447 0 31.8109  7.83865  38.7695 0.7 1 1 7
 447 1 31.645  6.70615  38.581 -0.35 1 1 8
 447 2 31.9768  8.97114  38.958 -0.35 1 1 8
 448 0 12.816  7.38861  11.4 0.7 1 1 7
 448 1 12.5567  8.27309  12.1043 -0.35 1 1 8
 448 2 13.0754  6.50414  10.6957 -0.35 1 1 8
 449 0 5.29862  42.2111  2.49778 0.7 1 1 7
 449 1 5.4184  41.9022  3.60945 -0.35 1 1 8
 449 2 5.17884  42.52  1.3861 -0.35 1 1 8
 450 0 28.5792  39.4565  12.9713 0.7 1 1 7
 450 1 28.9623  40.5406  12.8174 -0.35 1 1 8
 450 2 28.1962  38.3725  13.1253 -0.35 1 1 8
 451 0 0.996562  31.2108  1.52621 0.7 1 1 7
 451 1 1.31038  31.2272  0.409585 -0.35 1 1 8
 451 2 0.682742  31.1945  2.64283 -0.35 1 1 8
 452 0 11.2237  36.3892  16.686 0.7 1 1 7
 452 1 11.0335  37.5006  16.9585 -0.35 1 1 8
 452 2 11.4139  35.2778  16.4136 -0.35 1 1 8
 453 0 4.87966  11.9013  28.2416 0.7 1 1 7
 453 1 4.06094  11.593  29.0034 -0.35 1 1 8
 453 2 5.69838  12.2096  27.4799 -0.35 1 1 8
 454 0 33.5106  0.396081  25.0986 0.7 1 1 7
 454 1 32.4222  0.720045  24.8621 -0.35 1 1 8
 454 2 34.5991  0.0721174  25.3351 -0.35 1 1 8
 455 0 24.5266  29.8447  26.3688 0.7 1 1 7
 455 1 25.0766  29.8547  27.3901 -0.35 1 1 8
 455 2 23.9766  29.8347  25.3476 -0.35 1 1 8
 456 0 1.66747  3.52238  36.7361 0.7 1 1 7
 456 1 0.6429  3.02359  36.953 -0.35 1 1 8
 456 2 2.69203  4.02116  36.5191 -0.35 1 1 8
