Component 1: methane
Min Macrostate : 200
Max Macrostate : 300
Wang-Landau Factor : 1
N CM[-1] CM[0] CM[1] WLBias ln_g TMBias lnpi Forward_lnpi Reverse_lnpi Histogram
200 37830.4 2.65015e+06 33558.2 -2.95892e+06 2.69085e+06 1.94372 -1.94372 0 0 2.23588e+06
201 35277.3 2.46759e+06 31230 -2.75945e+06 2.95894e+06 2.06557 -2.06557 -4.39606 -0.121848 2.53678e+06
202 32733.5 2.30139e+06 29033.7 -2.75946e+06 2.75946e+06 2.18358 -2.18358 -4.51923 -0.239861 2.36487e+06
203 31013.6 2.14823e+06 27156.4 -2.42709e+06 2.5794e+06 2.31855 -2.31855 -4.6392 -0.374829 2.21176e+06
204 29214.5 2.02601e+06 25792.2 -2.27226e+06 2.4271e+06 2.44901 -2.44901 -4.77125 -0.505284 2.0801e+06
205 27762.6 1.89434e+06 23815 -2.13355e+06 2.27227e+06 2.58901 -2.58901 -4.8961 -0.645287 1.94778e+06
206 26038.6 1.77877e+06 22281.9 -2.00544e+06 2.13357e+06 2.74128 -2.74128 -5.04866 -0.797557 1.82895e+06
207 24713.5 1.67232e+06 20866.4 -1.8878e+06 2.00545e+06 2.90733 -2.90733 -5.20526 -0.963609 1.71894e+06
208 23523.1 1.57339e+06 19559.2 -1.77749e+06 1.88783e+06 3.08858 -3.08858 -5.37445 -1.14486 1.61828e+06
209 22491.9 1.48225e+06 18622.4 -1.77749e+06 1.77749e+06 3.28843 -3.28843 -5.56088 -1.34471 1.52326e+06
210 21128.3 1.39513e+06 17628.5 -1.77749e+06 1.67781e+06 3.47407 -3.47407 -5.74772 -1.53035 1.43869e+06
211 20386.4 1.33278e+06 16571.7 -1.67779e+06 1.59787e+06 3.66663 -3.66663 -5.92952 -1.72291 1.36969e+06
212 19236 1.26615e+06 15581 -1.59786e+06 1.52111e+06 3.86608 -3.86608 -6.13741 -1.92235 1.30413e+06
213 18756.1 1.2182e+06 14861.8 -1.52108e+06 1.45999e+06 4.08868 -4.08868 -6.34747 -2.14496 1.25109e+06
214 18149.6 1.16996e+06 14477 -1.45997e+06 1.40647e+06 4.32785 -4.32785 -6.57845 -2.38413 1.20678e+06
215 17925.5 1.14487e+06 14105.7 -1.40646e+06 1.37033e+06 4.56055 -4.56055 -6.80317 -2.61683 1.17361e+06
216 17240.8 1.09796e+06 13657.6 -1.3703e+06 1.32002e+06 4.80344 -4.80344 -7.04256 -2.85972 1.13193e+06
217 16560.9 1.06946e+06 13198.6 -1.28553e+06 1.28553e+06 5.02245 -5.02245 -7.27508 -3.07873 1.10181e+06
218 16703.5 1.05749e+06 12983 -1.28553e+06 1.26353e+06 5.26929 -5.26929 -7.50121 -3.32557 1.08217e+06
219 16041.5 1.0176e+06 12501.8 -1.2635e+06 1.21861e+06 5.51727 -5.51727 -7.753 -3.57354 1.0444e+06
220 15315.6 970100 12136.6 -1.16704e+06 1.16704e+06 5.76531 -5.76531 -8.0005 -3.82159 1.00081e+06
221 14997.4 942153 11606.9 -1.16703e+06 1.13371e+06 6.00721 -6.00721 -8.23052 -4.06349 972437
222 14742.6 929853 11472.9 -1.1337e+06 1.11232e+06 6.25815 -6.25815 -8.48727 -4.31443 952785
223 14316.8 899359 11132.1 -1.11231e+06 1.08031e+06 6.51016 -6.51016 -8.7362 -4.56643 925766
224 14105 875073 10724.9 -1.08029e+06 1.05338e+06 6.77617 -6.77617 -8.98616 -4.83244 903168
225 14071.9 871863 10731.4 -1.05338e+06 1.04586e+06 7.05058 -7.05058 -9.26111 -5.10686 896721
226 13974.6 869566 10789.5 -1.04585e+06 1.0442e+06 7.31739 -7.31739 -9.5321 -5.37367 895182
227 14251.2 867869 10744.7 -1.04418e+06 1.04245e+06 7.59665 -7.59665 -9.79122 -5.65293 893208
228 14168.9 872749 10564.8 -1.04378e+06 1.04378e+06 7.86857 -7.86857 -10.0734 -5.92485 894222
229 14065.9 853198 10741.9 -1.04378e+06 1.02634e+06 8.17769 -8.17769 -10.3681 -6.23397 879448
230 13799.3 849406 10475.5 -1.02634e+06 1.01833e+06 8.43267 -8.43267 -10.6367 -6.48895 872638
231 13711.7 841857 10431.7 -1.01832e+06 1.0076e+06 8.71196 -8.71196 -10.9151 -6.76824 863773
232 13599.5 820745 10014.2 -1.0076e+06 986756 9.00502 -9.00502 -11.1893 -7.0613 846516
233 13320.7 806759 10128 -986728 971086 9.30834 -9.30834 -11.4975 -7.36462 832477
234 13244.1 807574 9870.87 -971068 970201 9.57712 -9.57712 -11.7717 -7.6334 831567
235 13290.5 809986 10052 -970171 969952 9.87246 -9.87246 -12.0666 -7.92874 831165
236 13277.7 803148 9989.25 -969938 965879 10.1582 -10.1582 -12.3453 -8.21447 827982
237 13311.8 805715 10020.6 -965848 1.00936e+06 10.4422 -10.4422 -12.6309 -8.49848 871075
238 17456 1.05422e+06 13141.5 -1.00934e+06 1.21778e+06 10.7258 -10.7258 -12.9122 -8.78207 1.03652e+06
239 16911.7 1.01766e+06 12663.8 -1.21778e+06 1.21912e+06 11.0122 -11.0122 -13.195 -9.06847 1.04426e+06
240 16384.1 968324 12024.7 -1.21908e+06 1.16502e+06 11.3177 -11.3177 -13.4837 -9.374 998774
241 15517.6 929924 11595.3 -1.16502e+06 1.11954e+06 11.6139 -11.6139 -13.7929 -9.67015 960164
242 15097.7 910660 11343.5 -1.11952e+06 1.09077e+06 11.8981 -11.8981 -14.0835 -9.95443 934617
243 14384.9 874332 11054 -1.0543e+06 1.0543e+06 12.1752 -12.1752 -14.3688 -10.2315 903967
244 14325.7 860716 10648.9 -1.0543e+06 1.03675e+06 12.4506 -12.4506 -14.6316 -10.5069 888680
245 14329.4 864213 10636.4 -1.03674e+06 1.0365e+06 12.743 -12.743 -14.9283 -10.7992 888183
246 14137.4 864440 10729.9 -1.0365e+06 1.03732e+06 13.0282 -13.0282 -15.2264 -11.0845 889596
247 14216.6 866587 10704.5 -1.03731e+06 1.04002e+06 13.3073 -13.3073 -15.5014 -11.3636 891441
248 14459.7 865431 10750.2 -1.04001e+06 1.04061e+06 13.6083 -13.6083 -15.7857 -11.6645 892552
249 14540.6 879254 11028.3 -1.0406e+06 1.05427e+06 13.8939 -13.8939 -16.0806 -11.9502 903728
250 14670.6 889563 11107.5 -1.05426e+06 1.07201e+06 14.167 -14.167 -16.3576 -12.2233 920026
251 14963 919314 11408.9 -1.07197e+06 1.09764e+06 14.4342 -14.4342 -16.6352 -12.4905 939556
252 15074.3 918666 11639.3 -1.09763e+06 1.10158e+06 14.7132 -14.7132 -16.9087 -12.7695 944108
253 14721.2 910993 11525 -1.10156e+06 1.09986e+06 14.9562 -14.9562 -17.1671 -13.0125 943261
254 15062.6 933359 11642.3 -1.09979e+06 1.11399e+06 15.1997 -15.1997 -17.4107 -13.256 953634
255 14767.5 921952 11532.2 -1.11399e+06 1.10627e+06 15.4494 -15.4494 -17.6675 -13.5057 948529
256 14491.1 911424 11340 -1.10626e+06 1.09883e+06 15.6899 -15.6899 -17.9151 -13.7462 942480
257 14842.3 931857 11590.3 -1.0988e+06 1.11276e+06 15.9368 -15.9368 -18.1608 -13.9931 953070
258 14688 920629 11612.1 -1.10323e+06 1.10323e+06 16.1858 -16.1858 -18.4084 -14.242 945254
259 14215 901463 11325.6 -1.10321e+06 1.08499e+06 16.409 -16.409 -18.6432 -14.4653 930496
260 13985 898459 11232.4 -1.08498e+06 1.0756e+06 16.6239 -16.6239 -18.8699 -14.6802 921559
261 13942.4 881299 11072.4 -1.07558e+06 1.0943e+06 16.8582 -16.8582 -19.0894 -14.9144 942795
262 16732 1.07775e+06 13550.5 -1.0943e+06 1.25397e+06 17.0696 -17.0696 -19.3186 -15.1259 1.06907e+06
263 16312.1 1.05384e+06 13112.1 -1.25394e+06 1.26268e+06 17.2772 -17.2772 -19.5298 -15.3334 1.08261e+06
264 15624.8 1.01709e+06 12788.8 -1.26266e+06 1.22443e+06 17.4871 -17.4871 -19.7473 -15.5434 1.04986e+06
265 15511.8 1.01298e+06 12660 -1.22439e+06 1.21439e+06 17.6858 -17.6858 -19.9477 -15.742 1.04154e+06
266 15546.3 1.01013e+06 12653.1 -1.21437e+06 1.21107e+06 17.8937 -17.8937 -20.152 -15.95 1.03775e+06
267 15188.2 1.00088e+06 12481.4 -1.21106e+06 1.19939e+06 18.0874 -18.0874 -20.3588 -16.1437 1.02795e+06
268 15128 991432 12289.2 -1.19938e+06 1.18562e+06 18.2893 -18.2893 -20.5561 -16.3455 1.01563e+06
269 14692.5 966834 12071.2 -1.18561e+06 1.16248e+06 18.4937 -18.4937 -20.7644 -16.55 996914
270 14232.3 957273 11913.6 -1.16244e+06 1.14738e+06 18.667 -18.667 -20.9604 -16.7232 983591
271 14107.8 948748 11821.5 -1.14737e+06 1.13818e+06 18.8447 -18.8447 -21.1369 -16.901 975590
272 13917.2 945664 11742.3 -1.13818e+06 1.13256e+06 19.0121 -19.0121 -21.3138 -17.0684 970567
273 13791.3 937724 11686.2 -1.13253e+06 1.12131e+06 19.1802 -19.1802 -21.4831 -17.2365 960550
274 13393.1 914471 11393.2 -1.12129e+06 1.09968e+06 19.34 -19.34 -21.6478 -17.3963 943035
275 13168.1 912937 11109.4 -1.09966e+06 1.09536e+06 19.4865 -19.4865 -21.808 -17.5428 939262
276 13564.4 926181 11574.2 -1.09534e+06 1.10559e+06 19.6706 -19.6706 -21.9776 -17.7269 947187
277 13366.9 910663 11236 -1.10558e+06 1.09338e+06 19.8314 -19.8314 -22.136 -17.8876 937080
278 13315.7 903538 11206.7 -1.09335e+06 1.08545e+06 20.0089 -20.0089 -22.3097 -18.0652 929875
279 13037.5 907552 11207.5 -1.08764e+06 1.08764e+06 20.156 -20.156 -22.482 -18.2123 931407
280 13033.6 908704 11231.9 -1.08762e+06 1.08829e+06 20.3053 -20.3053 -22.6329 -18.3616 932526
281 13064.1 914761 11154.2 -1.08826e+06 1.09249e+06 20.45 -20.45 -22.7811 -18.5063 936346
282 12716.9 902880 11108.6 -1.09247e+06 1.08249e+06 20.5943 -20.5943 -22.9394 -18.6506 928602
283 12786.5 905546 11130.3 -1.08248e+06 1.08628e+06 20.7321 -20.7321 -23.0746 -18.7884 932007
284 13018.5 916306 11400.8 -1.08627e+06 1.0981e+06 20.8764 -20.8764 -23.2132 -18.9327 940794
285 13027.8 930240 11417.3 -1.09808e+06 1.10876e+06 20.9951 -20.9951 -23.3456 -19.0514 949497
286 12828.9 914758 11288 -1.10872e+06 1.09985e+06 21.1283 -21.1283 -23.4777 -19.1846 943631
287 12805.6 926869 11398.5 -1.09985e+06 1.11099e+06 21.2416 -21.2416 -23.6055 -19.2978 952390
288 13154.7 941661 11494.5 -1.11096e+06 1.12421e+06 21.369 -21.369 -23.7219 -19.4252 962774
289 12724.6 935522 11548.5 -1.12417e+06 1.12063e+06 21.4774 -21.4774 -23.8569 -19.5337 960512
290 12714.5 938166 11538.1 -1.12062e+06 1.13776e+06 21.5708 -21.5708 -23.9538 -19.6271 977960
291 13885.6 1.03363e+06 12762.5 -1.13775e+06 1.22014e+06 21.6592 -21.6592 -24.0509 -19.7155 1.0441e+06
292 13949.5 1.03738e+06 12683.3 -1.22013e+06 1.242e+06 21.7446 -21.7446 -24.1353 -19.8009 1.06487e+06
293 13870.5 1.04059e+06 12939.2 -1.24199e+06 1.24484e+06 21.8309 -21.8309 -24.2304 -19.8872 1.06698e+06
294 13695.6 1.04415e+06 12921.3 -1.2448e+06 1.2477e+06 21.8846 -21.8846 -24.2999 -19.9409 1.06963e+06
295 13519.2 1.0438e+06 12980.3 -1.24769e+06 1.24929e+06 21.9303 -21.9303 -24.3581 -19.9865 1.07126e+06
296 13643.5 1.04625e+06 12828.2 -1.24925e+06 1.24956e+06 21.9778 -21.9778 -24.3988 -20.0341 1.0706e+06
297 13376.8 1.0349e+06 12665.1 -1.24955e+06 1.24088e+06 22.0307 -22.0307 -24.4604 -20.087 1.06396e+06
298 13348 1.03838e+06 12651.1 -1.24086e+06 1.24008e+06 22.08 -22.08 -24.5151 -20.1363 1.06284e+06
299 13088.4 1.03279e+06 12491.9 -1.24005e+06 1.23131e+06 22.1197 -22.1197 -24.5687 -20.1759 1.05488e+06
300 12661.1 1.01134e+06 12307.5 -1.23128e+06 1.04122e+06 22.1542 -22.1542 -24.6154 -20.2105 868596
