x y z charge scale scaleCoul Type
 0 0 32.2502  30.3089  29.7509 -0.35 1 1 7
 0 1 33.1452  30.4665  29.0301 0.7 1 1 6
 0 2 34.0403  30.6241  28.3092 -0.35 1 1 7
 1 0 10.4003  7.76309  14.9781 -0.35 1 1 7
 1 1 10.8219  8.71683  14.4699 0.7 1 1 6
 1 2 11.2435  9.67057  13.9617 -0.35 1 1 7
 2 0 0.267975  4.9866  14.9207 -0.35 1 1 7
 2 1 0.683696  5.38808  13.9149 0.7 1 1 6
 2 2 1.09942  5.78957  12.9092 -0.35 1 1 7
 3 0 37.3495  20.1734  29.7066 -0.35 1 1 7
 3 1 37.7702  19.6748  28.7474 0.7 1 1 6
 3 2 38.1908  19.1762  27.7882 -0.35 1 1 7
 4 0 24.8109  4.63827  33.0346 -0.35 1 1 7
 4 1 25.0243  4.77765  34.1662 0.7 1 1 6
 4 2 25.2378  4.91704  35.2978 -0.35 1 1 7
 5 0 22.2094  18.3545  20.572 -0.35 1 1 7
 5 1 21.0985  18.1033  20.3521 0.7 1 1 6
 5 2 19.9876  17.8521  20.1322 -0.35 1 1 7
 6 0 14.9608  18.5231  -0.245578 -0.35 1 1 7
 6 1 15.1391  18.7444  -1.37022 0.7 1 1 6
 6 2 15.3173  18.9658  -2.49486 -0.35 1 1 7
 7 0 4.88215  6.8554  38.5631 -0.35 1 1 7
 7 1 4.86701  7.46394  39.5505 0.7 1 1 6
 7 2 4.85188  8.07248  40.5379 -0.35 1 1 7
 8 0 10.4576  7.70769  20.0875 -0.35 1 1 7
 8 1 10.812  7.28412  19.0675 0.7 1 1 6
 8 2 11.1664  6.86056  18.0474 -0.35 1 1 7
 9 0 4.6019  5.48489  28.5601 -0.35 1 1 7
 9 1 5.04067  6.40042  27.999 0.7 1 1 6
 9 2 5.47943  7.31595  27.4378 -0.35 1 1 7
 10 0 11.3717  5.13351  40.0556 -0.35 1 1 7
 10 1 12.0336  4.78236  39.1701 0.7 1 1 6
 10 2 12.6954  4.4312  38.2845 -0.35 1 1 7
 11 0 25.1254  21.3743  26.4623 -0.35 1 1 7
 11 1 25.3373  20.3332  26.9281 0.7 1 1 6
 11 2 25.5491  19.2922  27.3939 -0.35 1 1 7
 12 0 34.6603  23.2405  4.40084 -0.35 1 1 7
 12 1 34.0098  22.4675  3.83084 0.7 1 1 6
 12 2 33.3593  21.6945  3.26085 -0.35 1 1 7
 13 0 25.2152  7.03455  15.1961 -0.35 1 1 7
 13 1 24.2754  7.68413  14.9952 0.7 1 1 6
 13 2 23.3355  8.33371  14.7944 -0.35 1 1 7
 14 0 24.4733  4.82058  41.2306 -0.35 1 1 7
 14 1 24.325  5.03342  42.3612 0.7 1 1 6
 14 2 24.1767  5.24625  43.4918 -0.35 1 1 7
 15 0 24.5437  5.64751  23.4826 -0.35 1 1 7
 15 1 25.3768  5.34  24.2289 0.7 1 1 6
 15 2 26.2099  5.03249  24.9752 -0.35 1 1 7
 16 0 21.8318  20.6444  31.0501 -0.35 1 1 7
 16 1 21.7682  20.631  29.892 0.7 1 1 6
 16 2 21.7047  20.6177  28.7338 -0.35 1 1 7
 17 0 30.2082  11.7855  4.15595 -0.35 1 1 7
 17 1 29.4756  12.1823  3.3488 0.7 1 1 6
 17 2 28.743  12.579  2.54166 -0.35 1 1 7
 18 0 5.51534  19.2564  24.458 -0.35 1 1 7
 18 1 4.74707  19.1219  25.3167 0.7 1 1 6
 18 2 3.9788  18.9874  26.1753 -0.35 1 1 7
 19 0 20.5811  21.3227  2.68716 -0.35 1 1 7
 19 1 21.0248  22.1204  3.40298 0.7 1 1 6
 19 2 21.4685  22.9181  4.11881 -0.35 1 1 7
 20 0 14.5616  26.0872  14.3707 -0.35 1 1 7
 20 1 13.667  25.7094  15.0051 0.7 1 1 6
 20 2 12.7724  25.3316  15.6396 -0.35 1 1 7
 21 0 37.5795  31.4082  38.6085 -0.35 1 1 7
 21 1 38.2657  32.313  38.8454 0.7 1 1 6
 21 2 38.9518  33.2178  39.0822 -0.35 1 1 7
 22 0 17.8396  8.01354  21.3097 -0.35 1 1 7
 22 1 17.5908  7.55747  22.3468 0.7 1 1 6
 22 2 17.3421  7.10141  23.384 -0.35 1 1 7
 23 0 1.62026  28.469  24.411 -0.35 1 1 7
 23 1 1.31397  27.4048  24.7561 0.7 1 1 6
 23 2 1.00767  26.3405  25.1013 -0.35 1 1 7
 24 0 28.9297  32.3225  0.736933 -0.35 1 1 7
 24 1 28.3441  31.325  0.824269 0.7 1 1 6
 24 2 27.7584  30.3275  0.911604 -0.35 1 1 7
 25 0 22.3071  17.7502  32.7782 -0.35 1 1 7
 25 1 22.3386  17.586  31.6303 0.7 1 1 6
 25 2 22.3701  17.4217  30.4824 -0.35 1 1 7
 26 0 17.8055  20.9326  40.4473 -0.35 1 1 7
 26 1 18.0191  19.7976  40.3387 0.7 1 1 6
 26 2 18.2328  18.6626  40.2301 -0.35 1 1 7
 27 0 5.71872  6.76144  33.3661 -0.35 1 1 7
 27 1 5.0292  7.1071  32.4996 0.7 1 1 6
 27 2 4.33969  7.45276  31.6332 -0.35 1 1 7
 28 0 38.1857  24.1532  15.9464 -0.35 1 1 7
 28 1 38.4992  25.2131  15.5943 0.7 1 1 6
 28 2 38.8127  26.273  15.2423 -0.35 1 1 7
 29 0 29.3359  32.6915  12.6402 -0.35 1 1 7
 29 1 30.0879  33.3557  12.0581 0.7 1 1 6
 29 2 30.84  34.02  11.4761 -0.35 1 1 7
 30 0 32.9852  0.692082  25.0967 -0.35 1 1 7
 30 1 32.1817  -0.0714258  25.4388 0.7 1 1 6
 30 2 31.3782  -0.834933  25.781 -0.35 1 1 7
 31 0 34.0483  4.32023  37.7276 -0.35 1 1 7
 31 1 33.0218  3.7934  37.6083 0.7 1 1 6
 31 2 31.9952  3.26657  37.4891 -0.35 1 1 7
 32 0 8.8107  15.4145  36.5564 -0.35 1 1 7
 32 1 8.49616  16.2292  35.7928 0.7 1 1 6
 32 2 8.18163  17.0438  35.0293 -0.35 1 1 7
 33 0 31.3774  7.88408  42.3348 -0.35 1 1 7
 33 1 31.3023  7.77614  43.4873 0.7 1 1 6
 33 2 31.2271  7.66821  44.6399 -0.35 1 1 7
 34 0 23.0199  38.1389  1.94119 -0.35 1 1 7
 34 1 23.919  38.87  1.88926 0.7 1 1 6
 34 2 24.8182  39.601  1.83732 -0.35 1 1 7
 35 0 38.9431  22.055  13.2106 -0.35 1 1 7
 35 1 38.4768  21.247  12.5212 0.7 1 1 6
 35 2 38.0105  20.4389  11.8318 -0.35 1 1 7
 36 0 -0.404058  22.6077  25.1353 -0.35 1 1 7
 36 1 0.361978  22.1355  24.4034 0.7 1 1 6
 36 2 1.12801  21.6632  23.6714 -0.35 1 1 7
 37 0 27.3869  24.6054  35.9938 -0.35 1 1 7
 37 1 26.8626  25.2902  36.7695 0.7 1 1 6
 37 2 26.3384  25.975  37.5453 -0.35 1 1 7
 38 0 38.0548  7.97639  14.7821 -0.35 1 1 7
 38 1 37.0502  8.03313  15.3593 0.7 1 1 6
 38 2 36.0456  8.08986  15.9366 -0.35 1 1 7
 39 0 11.0678  5.67369  44.3706 -0.35 1 1 7
 39 1 10.615  5.64546  45.4382 0.7 1 1 6
 39 2 10.1622  5.61724  46.5058 -0.35 1 1 7
 40 0 7.336  20.4531  20.0609 -0.35 1 1 7
 40 1 7.71648  20.3514  21.152 0.7 1 1 6
 40 2 8.09696  20.2497  22.2431 -0.35 1 1 7
 41 0 13.0799  25.9598  24.3932 -0.35 1 1 7
 41 1 13.8626  26.6684  24.8736 0.7 1 1 6
 41 2 14.6454  27.377  25.3539 -0.35 1 1 7
 42 0 27.2907  21.2487  34.2317 -0.35 1 1 7
 42 1 27.3678  20.5862  33.2826 0.7 1 1 6
 42 2 27.4449  19.9236  32.3336 -0.35 1 1 7
 43 0 30.8923  6.64976  7.68593 -0.35 1 1 7
 43 1 30.9953  7.13129  6.63563 0.7 1 1 6
 43 2 31.0983  7.61283  5.58534 -0.35 1 1 7
 44 0 23.4376  35.4848  14.5838 -0.35 1 1 7
 44 1 23.2949  36.6152  14.8014 0.7 1 1 6
 44 2 23.1521  37.7456  15.0191 -0.35 1 1 7
 45 0 31.5539  7.20444  18.756 -0.35 1 1 7
 45 1 31.5005  6.10216  18.3986 0.7 1 1 6
 45 2 31.4472  4.99987  18.0412 -0.35 1 1 7
 46 0 8.24281  31.5925  7.44959 -0.35 1 1 7
 46 1 9.19346  30.953  7.26818 0.7 1 1 6
 46 2 10.1441  30.3135  7.08677 -0.35 1 1 7
 47 0 1.1993  5.30329  27.4021 -0.35 1 1 7
 47 1 0.602177  6.26377  27.66 0.7 1 1 6
 47 2 0.00504965  7.22426  27.9179 -0.35 1 1 7
 48 0 34.8885  17.8501  20.2669 -0.35 1 1 7
 48 1 34.349  17.8751  19.2402 0.7 1 1 6
 48 2 33.8096  17.9002  18.2136 -0.35 1 1 7
 49 0 38.097  8.65678  38.3776 -0.35 1 1 7
 49 1 38.5182  8.14486  37.4257 0.7 1 1 6
 49 2 38.9394  7.63293  36.4738 -0.35 1 1 7
 50 0 36.3123  36.9491  36.0581 -0.35 1 1 7
 50 1 36.9552  37.8434  36.4223 0.7 1 1 6
 50 2 37.5981  38.7376  36.7864 -0.35 1 1 7
 51 0 23.3001  6.93076  35.8759 -0.35 1 1 7
 51 1 23.854  7.92809  36.086 0.7 1 1 6
 51 2 24.4079  8.92542  36.2961 -0.35 1 1 7
 52 0 3.6456  12.147  36.3445 -0.35 1 1 7
 52 1 4.0946  13.188  36.5899 0.7 1 1 6
 52 2 4.5436  14.2291  36.8353 -0.35 1 1 7
 53 0 19.4939  2.76261  14.0869 -0.35 1 1 7
 53 1 18.9339  3.76459  14.2544 0.7 1 1 6
 53 2 18.3739  4.76657  14.4219 -0.35 1 1 7
 54 0 0.0760088  18.9895  4.16643 -0.35 1 1 7
 54 1 0.87656  19.8253  4.08777 0.7 1 1 6
 54 2 1.67711  20.661  4.00911 -0.35 1 1 7
 55 0 20.214  30.7956  30.1958 -0.35 1 1 7
 55 1 19.691  31.666  29.6351 0.7 1 1 6
 55 2 19.1681  32.5365  29.0744 -0.35 1 1 7
 56 0 8.79131  20.0903  37.3605 -0.35 1 1 7
 56 1 8.45528  20.214  38.4639 0.7 1 1 6
 56 2 8.11925  20.3376  39.5672 -0.35 1 1 7
 57 0 28.5121  26.9551  25.4597 -0.35 1 1 7
 57 1 28.1078  26.0084  25.9943 0.7 1 1 6
 57 2 27.7035  25.0617  26.529 -0.35 1 1 7
 58 0 9.63537  17.7927  10.8857 -0.35 1 1 7
 58 1 8.8654  17.6361  11.7391 0.7 1 1 6
 58 2 8.09543  17.4795  12.5924 -0.35 1 1 7
 59 0 11.0605  19.8479  34.9696 -0.35 1 1 7
 59 1 11.8504  19.9695  35.8104 0.7 1 1 6
 59 2 12.6403  20.0911  36.6512 -0.35 1 1 7
 60 0 15.3808  31.4021  3.1588 -0.35 1 1 7
 60 1 15.1747  30.3337  2.75661 0.7 1 1 6
 60 2 14.9685  29.2654  2.35442 -0.35 1 1 7
 61 0 23.0605  19.8371  8.73735 -0.35 1 1 7
 61 1 22.4954  19.9669  7.73264 0.7 1 1 6
 61 2 21.9303  20.0966  6.72793 -0.35 1 1 7
 62 0 36.0156  33.2909  5.81986 -0.35 1 1 7
 62 1 35.3226  33.3944  6.74431 0.7 1 1 6
 62 2 34.6295  33.498  7.66875 -0.35 1 1 7
 63 0 16.9179  10.9784  13.0564 -0.35 1 1 7
 63 1 16.0729  11.2661  13.7972 0.7 1 1 6
 63 2 15.2279  11.5538  14.538 -0.35 1 1 7
 64 0 34.1469  20.5158  38.9223 -0.35 1 1 7
 64 1 34.2343  19.9275  39.9183 0.7 1 1 6
 64 2 34.3217  19.3391  40.9142 -0.35 1 1 7
 65 0 19.0595  16.0154  4.14452 -0.35 1 1 7
 65 1 19.9885  16.038  3.45024 0.7 1 1 6
 65 2 20.9175  16.0606  2.75596 -0.35 1 1 7
 66 0 17.2442  33.5221  1.13675 -0.35 1 1 7
 66 1 18.0441  33.3879  0.307409 0.7 1 1 6
 66 2 18.8439  33.2537  -0.52193 -0.35 1 1 7
 67 0 6.71862  31.2825  4.1642 -0.35 1 1 7
 67 1 5.72997  31.8007  3.84848 0.7 1 1 6
 67 2 4.74133  32.3189  3.53277 -0.35 1 1 7
 68 0 0.525054  30.5853  4.77528 -0.35 1 1 7
 68 1 -0.354978  30.4413  5.51719 0.7 1 1 6
 68 2 -1.23501  30.2974  6.25909 -0.35 1 1 7
 69 0 18.8299  33.3753  7.41849 -0.35 1 1 7
 69 1 18.6061  33.3384  8.5561 0.7 1 1 6
 69 2 18.3823  33.3014  9.69371 -0.35 1 1 7
 70 0 2.03717  19.6947  33.0871 -0.35 1 1 7
 70 1 2.04646  19.835  31.9357 0.7 1 1 6
 70 2 2.05575  19.9753  30.7842 -0.35 1 1 7
 71 0 15.5782  12.5801  1.91546 -0.35 1 1 7
 71 1 16.4818  13.3073  1.89568 0.7 1 1 6
 71 2 17.3853  14.0345  1.8759 -0.35 1 1 7
 72 0 17.3883  33.5397  13.2926 -0.35 1 1 7
 72 1 18.2211  32.9315  12.7613 0.7 1 1 6
 72 2 19.0538  32.3233  12.2301 -0.35 1 1 7
 73 0 -0.00532062  31.1575  20.1116 -0.35 1 1 7
 73 1 -0.218725  32.0346  20.8401 0.7 1 1 6
 73 2 -0.432129  32.9117  21.5686 -0.35 1 1 7
 74 0 28.7684  5.01061  9.7528 -0.35 1 1 7
 74 1 28.5957  4.95298  8.60716 0.7 1 1 6
 74 2 28.4231  4.89535  7.46153 -0.35 1 1 7
 75 0 28.8096  18.7801  26.3617 -0.35 1 1 7
 75 1 29.8821  19.0293  25.9967 0.7 1 1 6
 75 2 30.9546  19.2785  25.6318 -0.35 1 1 7
 76 0 5.26562  33.625  6.83012 -0.35 1 1 7
 76 1 5.58714  33.3094  7.89906 0.7 1 1 6
 76 2 5.90866  32.9938  8.968 -0.35 1 1 7
 77 0 3.90257  13.5992  24.0862 -0.35 1 1 7
 77 1 3.30183  12.6187  24.2394 0.7 1 1 6
 77 2 2.70108  11.6383  24.3926 -0.35 1 1 7
 78 0 8.90943  17.7083  24.8867 -0.35 1 1 7
 78 1 9.92579  18.2419  25.0538 0.7 1 1 6
 78 2 10.9421  18.7754  25.2209 -0.35 1 1 7
 79 0 33.0107  -0.388879  12.4236 -0.35 1 1 7
 79 1 33.2499  0.579896  13.0151 0.7 1 1 6
 79 2 33.4891  1.54867  13.6066 -0.35 1 1 7
 80 0 31.5366  17.1986  22.6195 -0.35 1 1 7
 80 1 30.7044  17.6761  21.9676 0.7 1 1 6
 80 2 29.8722  18.1537  21.3157 -0.35 1 1 7
 81 0 21.8049  22.6586  13.5401 -0.35 1 1 7
 81 1 21.1163  21.7618  13.2807 0.7 1 1 6
 81 2 20.4278  20.865  13.0214 -0.35 1 1 7
 82 0 31.9518  33.1543  31.6135 -0.35 1 1 7
 82 1 31.443  32.924  32.6302 0.7 1 1 6
 82 2 30.9343  32.6936  33.6469 -0.35 1 1 7
 83 0 11.2893  20.7639  11.5569 -0.35 1 1 7
 83 1 11.9522  20.3958  10.679 0.7 1 1 6
 83 2 12.615  20.0277  9.80106 -0.35 1 1 7
 84 0 11.6796  19.5394  31.1366 -0.35 1 1 7
 84 1 11.0816  20.1615  30.3614 0.7 1 1 6
 84 2 10.4835  20.7836  29.5862 -0.35 1 1 7
 85 0 20.443  1.05179  3.0272 -0.35 1 1 7
 85 1 19.56  0.314313  2.87852 0.7 1 1 6
 85 2 18.677  -0.423161  2.72985 -0.35 1 1 7
 86 0 10.8912  3.03267  2.90326 -0.35 1 1 7
 86 1 11.1244  3.47085  3.95169 0.7 1 1 6
 86 2 11.3576  3.90903  5.00012 -0.35 1 1 7
 87 0 10.6419  2.9138  36.5442 -0.35 1 1 7
 87 1 11.0167  3.55646  35.6542 0.7 1 1 6
 87 2 11.3916  4.19912  34.7642 -0.35 1 1 7
 88 0 10.1832  3.82358  14.3754 -0.35 1 1 7
 88 1 11.1873  4.36599  14.5833 0.7 1 1 6
 88 2 12.1913  4.90841  14.7911 -0.35 1 1 7
 89 0 25.0306  22.97  3.19664 -0.35 1 1 7
 89 1 26.0772  22.514  3.40253 0.7 1 1 6
 89 2 27.1237  22.0579  3.60842 -0.35 1 1 7
 90 0 19.8334  0.204417  36.4008 -0.35 1 1 7
 90 1 18.9446  0.0272337  37.1249 0.7 1 1 6
 90 2 18.0559  -0.14995  37.8489 -0.35 1 1 7
 91 0 18.2088  5.5021  40.5757 -0.35 1 1 7
 91 1 18.7858  5.5885  41.5783 0.7 1 1 6
 91 2 19.3629  5.67489  42.5809 -0.35 1 1 7
 92 0 13.2054  31.3213  19.1631 -0.35 1 1 7
 92 1 12.8495  30.8654  18.1576 0.7 1 1 6
 92 2 12.4935  30.4096  17.1521 -0.35 1 1 7
 93 0 8.58774  20.0586  32.333 -0.35 1 1 7
 93 1 8.21255  20.507  33.3349 0.7 1 1 6
 93 2 7.83736  20.9553  34.3368 -0.35 1 1 7
 94 0 27.9719  27.5627  4.68852 -0.35 1 1 7
 94 1 27.6379  26.4549  4.60538 0.7 1 1 6
 94 2 27.3039  25.3472  4.52224 -0.35 1 1 7
 95 0 25.2611  2.79321  15.0076 -0.35 1 1 7
 95 1 25.771  3.51281  14.2541 0.7 1 1 6
 95 2 26.2809  4.23242  13.5006 -0.35 1 1 7
 96 0 22.1214  33.1985  33.5864 -0.35 1 1 7
 96 1 22.7722  32.9266  32.6655 0.7 1 1 6
 96 2 23.423  32.6546  31.7445 -0.35 1 1 7
 97 0 25.7972  7.28859  6.80772 -0.35 1 1 7
 97 1 25.5895  6.15604  6.94836 0.7 1 1 6
 97 2 25.3818  5.02349  7.08901 -0.35 1 1 7
 98 0 32.6621  35.3293  24.2453 -0.35 1 1 7
 98 1 31.7006  34.6811  24.2791 0.7 1 1 6
 98 2 30.7392  34.033  24.3129 -0.35 1 1 7
 99 0 0.783537  6.39822  1.77273 -0.35 1 1 7
 99 1 -0.0455906  6.44089  0.962589 0.7 1 1 6
 99 2 -0.874718  6.48355  0.152448 -0.35 1 1 7
 100 0 14.2832  20.3706  33.758 -0.35 1 1 7
 100 1 14.7554  20.1364  32.7247 0.7 1 1 6
 100 2 15.2275  19.9023  31.6913 -0.35 1 1 7
 101 0 33.6413  30.4372  24.7738 -0.35 1 1 7
 101 1 32.7596  29.7748  25.1334 0.7 1 1 6
 101 2 31.8778  29.1124  25.493 -0.35 1 1 7
 102 0 27.6931  20.2983  8.93551 -0.35 1 1 7
 102 1 27.6815  20.1873  10.0901 0.7 1 1 6
 102 2 27.67  20.0764  11.2448 -0.35 1 1 7
 103 0 17.0132  17.7644  35.3543 -0.35 1 1 7
 103 1 16.079  17.485  34.726 0.7 1 1 6
 103 2 15.1447  17.2055  34.0977 -0.35 1 1 7
 104 0 13.7302  33.3409  0.354486 -0.35 1 1 7
 104 1 12.6056  33.0986  0.503493 0.7 1 1 6
 104 2 11.4811  32.8562  0.6525 -0.35 1 1 7
 105 0 7.6748  32.6812  28.6717 -0.35 1 1 7
 105 1 8.53734  31.9913  28.3172 0.7 1 1 6
 105 2 9.39988  31.3013  27.9628 -0.35 1 1 7
 106 0 13.1611  30.5069  43.6536 -0.35 1 1 7
 106 1 12.9334  30.781  42.5497 0.7 1 1 6
 106 2 12.7056  31.0551  41.4459 -0.35 1 1 7
 107 0 4.48486  33.4848  17.3241 -0.35 1 1 7
 107 1 4.44114  33.3969  16.1683 0.7 1 1 6
 107 2 4.39742  33.3089  15.0125 -0.35 1 1 7
 108 0 1.61536  6.23668  32.1681 -0.35 1 1 7
 108 1 0.944902  5.54342  31.5236 0.7 1 1 6
 108 2 0.274443  4.85016  30.879 -0.35 1 1 7
 109 0 12.1785  20.5289  27.1364 -0.35 1 1 7
 109 1 11.7554  21.2875  26.3675 0.7 1 1 6
 109 2 11.3324  22.0461  25.5986 -0.35 1 1 7
 110 0 31.375  17.6289  16.6234 -0.35 1 1 7
 110 1 31.2638  18.0041  15.5314 0.7 1 1 6
 110 2 31.1526  18.3793  14.4394 -0.35 1 1 7
 111 0 31.0785  14.862  3.56585 -0.35 1 1 7
 111 1 30.3064  15.7265  3.61273 0.7 1 1 6
 111 2 29.5342  16.5909  3.65961 -0.35 1 1 7
 112 0 15.2877  20.6093  23.543 -0.35 1 1 7
 112 1 15.583  19.763  22.8067 0.7 1 1 6
 112 2 15.8782  18.9167  22.0703 -0.35 1 1 7
 113 0 17.2518  8.47712  3.91723 -0.35 1 1 7
 113 1 16.1009  8.6179  3.88404 0.7 1 1 6
 113 2 14.9499  8.75869  3.85085 -0.35 1 1 7
 114 0 11.8107  7.24027  33.1614 -0.35 1 1 7
 114 1 11.5744  6.87645  32.0856 0.7 1 1 6
 114 2 11.338  6.51263  31.0097 -0.35 1 1 7
 115 0 2.59014  18.07  19.3652 -0.35 1 1 7
 115 1 2.72594  17.6811  18.2807 0.7 1 1 6
 115 2 2.86174  17.2923  17.1963 -0.35 1 1 7
 116 0 35.8216  19.5997  4.85886 -0.35 1 1 7
 116 1 36.0132  18.4577  4.78993 0.7 1 1 6
 116 2 36.2047  17.3157  4.72099 -0.35 1 1 7
 117 0 30.9578  13.9523  13.5337 -0.35 1 1 7
 117 1 30.2822  14.7393  14.0529 0.7 1 1 6
 117 2 29.6065  15.5264  14.5722 -0.35 1 1 7
 118 0 19.3186  7.75597  0.739397 -0.35 1 1 7
 118 1 19.102  6.80744  1.37105 0.7 1 1 6
 118 2 18.8854  5.8589  2.00271 -0.35 1 1 7
 119 0 24.863  32.2423  8.28638 -0.35 1 1 7
 119 1 25.0789  31.8404  9.35292 0.7 1 1 6
 119 2 25.2948  31.4386  10.4195 -0.35 1 1 7
 120 0 38.3357  31.7135  42.5319 -0.35 1 1 7
 120 1 38.2142  31.3892  43.639 0.7 1 1 6
 120 2 38.0928  31.0649  44.7461 -0.35 1 1 7
 121 0 12.3822  24.4039  36.0621 -0.35 1 1 7
 121 1 13.4612  24.8296  36.0718 0.7 1 1 6
 121 2 14.5402  25.2553  36.0815 -0.35 1 1 7
 122 0 1.86186  31.5664  37.344 -0.35 1 1 7
 122 1 2.60052  30.6864  37.1844 0.7 1 1 6
 122 2 3.33918  29.8063  37.0248 -0.35 1 1 7
 123 0 13.0791  25.6403  2.78783 -0.35 1 1 7
 123 1 13.8216  25.0335  3.44063 0.7 1 1 6
 123 2 14.564  24.4267  4.09343 -0.35 1 1 7
 124 0 21.8291  5.64082  16.9151 -0.35 1 1 7
 124 1 22.3692  6.49669  17.482 0.7 1 1 6
 124 2 22.9092  7.35256  18.049 -0.35 1 1 7
 125 0 24.3692  6.90427  30.419 -0.35 1 1 7
 125 1 24.1482  7.44978  31.4186 0.7 1 1 6
 125 2 23.9273  7.9953  32.4181 -0.35 1 1 7
 126 0 5.16161  33.5113  21.2681 -0.35 1 1 7
 126 1 4.13811  33.4587  21.8115 0.7 1 1 6
 126 2 3.11462  33.4062  22.3549 -0.35 1 1 7
 127 0 38.2333  33.2886  3.06382 -0.35 1 1 7
 127 1 37.3708  32.5887  2.7294 0.7 1 1 6
 127 2 36.5083  31.8889  2.39497 -0.35 1 1 7
 128 0 25.0749  30.7682  5.70037 -0.35 1 1 7
 128 1 26.0556  30.7852  5.0811 0.7 1 1 6
 128 2 27.0364  30.8022  4.46182 -0.35 1 1 7
 129 0 15.3394  17.5967  29.2034 -0.35 1 1 7
 129 1 15.718  17.4462  28.1173 0.7 1 1 6
 129 2 16.0965  17.2956  27.0312 -0.35 1 1 7
 130 0 17.9926  19.7395  18.3811 -0.35 1 1 7
 130 1 18.0621  20.2123  19.438 0.7 1 1 6
 130 2 18.1316  20.6851  20.495 -0.35 1 1 7
 131 0 34.0779  7.66958  22.7346 -0.35 1 1 7
 131 1 34.921  7.53604  21.9491 0.7 1 1 6
 131 2 35.7641  7.40251  21.1636 -0.35 1 1 7
 132 0 32.4516  4.61242  26.443 -0.35 1 1 7
 132 1 32.0192  5.49149  27.0642 0.7 1 1 6
 132 2 31.5869  6.37055  27.6854 -0.35 1 1 7
 133 0 35.6821  36.3608  15.654 -0.35 1 1 7
 133 1 36.4377  35.5993  15.2127 0.7 1 1 6
 133 2 37.1934  34.8379  14.7714 -0.35 1 1 7
 134 0 28.8579  6.17543  36.4265 -0.35 1 1 7
 134 1 27.9234  6.66011  35.9391 0.7 1 1 6
 134 2 26.989  7.14479  35.4517 -0.35 1 1 7
 135 0 28.9416  30.566  24.6077 -0.35 1 1 7
 135 1 28.8428  31.418  25.3887 0.7 1 1 6
 135 2 28.744  32.27  26.1697 -0.35 1 1 7
 136 0 31.109  30.9566  22.5932 -0.35 1 1 7
 136 1 30.9736  31.6213  21.6523 0.7 1 1 6
 136 2 30.8382  32.2861  20.7114 -0.35 1 1 7
 137 0 29.7877  9.2021  35.4142 -0.35 1 1 7
 137 1 30.0156  10.3373  35.4852 0.7 1 1 6
 137 2 30.2435  11.4724  35.5563 -0.35 1 1 7
 138 0 4.93763  33.0858  38.492 -0.35 1 1 7
 138 1 5.35986  33.8942  37.7752 0.7 1 1 6
 138 2 5.7821  34.7025  37.0583 -0.35 1 1 7
 139 0 9.39374  17.0275  39.3257 -0.35 1 1 7
 139 1 9.18368  17.3768  40.4118 0.7 1 1 6
 139 2 8.97362  17.7261  41.4978 -0.35 1 1 7
 140 0 4.52437  16.799  3.74858 -0.35 1 1 7
 140 1 3.56543  17.0411  4.35472 0.7 1 1 6
 140 2 2.6065  17.2833  4.96085 -0.35 1 1 7
 141 0 1.68787  7.9968  10.6903 -0.35 1 1 7
 141 1 2.30813  7.5419  9.82198 0.7 1 1 6
 141 2 2.9284  7.087  8.95369 -0.35 1 1 7
 142 0 31.9151  4.06212  23.4098 -0.35 1 1 7
 142 1 32.2287  4.64922  22.4597 0.7 1 1 6
 142 2 32.5422  5.23633  21.5097 -0.35 1 1 7
 143 0 1.76472  30.8921  14.7974 -0.35 1 1 7
 143 1 0.689561  31.3044  14.6574 0.7 1 1 6
 143 2 -0.3856  31.7167  14.5174 -0.35 1 1 7
 144 0 26.2401  7.13445  9.9411 -0.35 1 1 7
 144 1 25.6929  7.30373  10.9498 0.7 1 1 6
 144 2 25.1457  7.47302  11.9586 -0.35 1 1 7
 145 0 22.4569  6.64435  20.9463 -0.35 1 1 7
 145 1 21.9074  7.15618  21.8304 0.7 1 1 6
 145 2 21.3579  7.66801  22.7146 -0.35 1 1 7
 146 0 8.46715  7.72264  40.3739 -0.35 1 1 7
 146 1 8.44441  7.61872  41.529 0.7 1 1 6
 146 2 8.42167  7.5148  42.6841 -0.35 1 1 7
 147 0 6.09141  20.3677  42.2512 -0.35 1 1 7
 147 1 6.27226  20.3063  43.3954 0.7 1 1 6
 147 2 6.4531  20.245  44.5396 -0.35 1 1 7
 148 0 1.82561  19.7918  10.8538 -0.35 1 1 7
 148 1 1.82423  20.0397  9.72059 0.7 1 1 6
 148 2 1.82284  20.2876  8.58738 -0.35 1 1 7
 149 0 18.3962  6.48278  34.3989 -0.35 1 1 7
 149 1 18.1715  6.29734  33.2761 0.7 1 1 6
 149 2 17.9469  6.11191  32.1533 -0.35 1 1 7
 150 0 4.06068  31.3028  19.6918 -0.35 1 1 7
 150 1 5.03996  30.9383  19.188 0.7 1 1 6
 150 2 6.01923  30.5739  18.6842 -0.35 1 1 7
 151 0 3.51399  19.3241  13.5901 -0.35 1 1 7
 151 1 3.40246  18.4419  12.8451 0.7 1 1 6
 151 2 3.29093  17.5598  12.1001 -0.35 1 1 7
 152 0 26.9624  32.5291  39.8263 -0.35 1 1 7
 152 1 26.2125  31.6458  39.8809 0.7 1 1 6
 152 2 25.4626  30.7625  39.9355 -0.35 1 1 7
 153 0 5.99922  5.12301  44.3037 -0.35 1 1 7
 153 1 6.06459  5.52141  43.2162 0.7 1 1 6
 153 2 6.12996  5.91982  42.1288 -0.35 1 1 7
 154 0 2.55386  30.6063  40.0761 -0.35 1 1 7
 154 1 2.53842  31.2477  41.0425 0.7 1 1 6
 154 2 2.52298  31.889  42.009 -0.35 1 1 7
 155 0 27.9273  26.6303  14.898 -0.35 1 1 7
 155 1 26.9645  26.0076  15.0732 0.7 1 1 6
 155 2 26.0016  25.3849  15.2485 -0.35 1 1 7
 156 0 31.1261  7.86546  38.3802 -0.35 1 1 7
 156 1 31.3692  6.77974  38.7083 0.7 1 1 6
 156 2 31.6124  5.69401  39.0365 -0.35 1 1 7
 157 0 28.2665  6.21704  31.4098 -0.35 1 1 7
 157 1 27.9738  5.69975  32.406 0.7 1 1 6
 157 2 27.6811  5.18246  33.4021 -0.35 1 1 7
 158 0 3.82824  20.4475  22.163 -0.35 1 1 7
 158 1 3.17793  19.547  22.4974 0.7 1 1 6
 158 2 2.52763  18.6466  22.8319 -0.35 1 1 7
 159 0 37.5523  31.389  29.9686 -0.35 1 1 7
 159 1 37.8357  31.9094  28.9713 0.7 1 1 6
 159 2 38.119  32.4298  27.9741 -0.35 1 1 7
 160 0 23.728  36.9877  35.2189 -0.35 1 1 7
 160 1 24.4157  37.8717  35.5211 0.7 1 1 6
 160 2 25.1034  38.7557  35.8233 -0.35 1 1 7
 161 0 39.9265  24.7091  36.3675 -0.35 1 1 7
 161 1 39.5214  25.6616  36.8912 0.7 1 1 6
 161 2 39.1162  26.614  37.415 -0.35 1 1 7
 162 0 0.265388  20.2198  37.6989 -0.35 1 1 7
 162 1 1.08446  20.321  38.5141 0.7 1 1 6
 162 2 1.90353  20.4222  39.3292 -0.35 1 1 7
 163 0 21.5031  15.9802  15.8833 -0.35 1 1 7
 163 1 21.2037  15.7879  14.7792 0.7 1 1 6
 163 2 20.9043  15.5955  13.6751 -0.35 1 1 7
 164 0 36.2295  6.54495  38.2092 -0.35 1 1 7
 164 1 35.4143  7.02776  38.8784 0.7 1 1 6
 164 2 34.5991  7.51057  39.5477 -0.35 1 1 7
 165 0 36.4199  21.964  36.4556 -0.35 1 1 7
 165 1 35.3815  21.7842  35.9707 0.7 1 1 6
 165 2 34.3432  21.6044  35.4859 -0.35 1 1 7
 166 0 17.1649  34.2577  26.5291 -0.35 1 1 7
 166 1 17.9474  35.093  26.7176 0.7 1 1 6
 166 2 18.73  35.9283  26.9062 -0.35 1 1 7
 167 0 5.0609  18.6127  35.7263 -0.35 1 1 7
 167 1 5.28805  18.3612  36.8357 0.7 1 1 6
 167 2 5.5152  18.1098  37.9451 -0.35 1 1 7
 168 0 35.9798  16.3905  14.2483 -0.35 1 1 7
 168 1 34.8784  16.0423  14.3548 0.7 1 1 6
 168 2 33.7771  15.6941  14.4614 -0.35 1 1 7
 169 0 37.8354  10.2377  26.4686 -0.35 1 1 7
 169 1 37.078  9.36661  26.3542 0.7 1 1 6
 169 2 36.3205  8.49556  26.2397 -0.35 1 1 7
 170 0 10.5743  7.66883  11.6484 -0.35 1 1 7
 170 1 11.097  7.69332  10.6132 0.7 1 1 6
 170 2 11.6197  7.71781  9.57791 -0.35 1 1 7
 171 0 31.6297  17.3293  1.79742 -0.35 1 1 7
 171 1 32.5497  17.6059  2.44759 0.7 1 1 6
 171 2 33.4697  17.8826  3.09776 -0.35 1 1 7
 172 0 33.873  20.8279  16.589 -0.35 1 1 7
 172 1 34.7241  21.2009  15.8947 0.7 1 1 6
 172 2 35.5753  21.574  15.2005 -0.35 1 1 7
 173 0 8.58456  20.2665  14.0681 -0.35 1 1 7
 173 1 9.01944  19.4977  14.8201 0.7 1 1 6
 173 2 9.45433  18.729  15.5721 -0.35 1 1 7
 174 0 24.6764  3.52189  38.5033 -0.35 1 1 7
 174 1 25.3869  4.41355  38.2894 0.7 1 1 6
 174 2 26.0974  5.30521  38.0754 -0.35 1 1 7
 175 0 35.8004  36.3389  2.24487 -0.35 1 1 7
 175 1 36.1222  37.4529  2.27968 0.7 1 1 6
 175 2 36.4439  38.5668  2.31448 -0.35 1 1 7
 176 0 25.2367  6.94514  27.5945 -0.35 1 1 7
 176 1 25.7283  6.10784  28.2291 0.7 1 1 6
 176 2 26.2199  5.27055  28.8638 -0.35 1 1 7
 177 0 19.4617  0.601135  24.543 -0.35 1 1 7
 177 1 19.0014  -0.158469  25.2891 0.7 1 1 6
 177 2 18.5412  -0.918073  26.0353 -0.35 1 1 7
 178 0 37.8386  5.45052  21.3568 -0.35 1 1 7
 178 1 37.7254  5.18459  20.2334 0.7 1 1 6
 178 2 37.6122  4.91866  19.11 -0.35 1 1 7
 179 0 21.4761  22.0129  25.6743 -0.35 1 1 7
 179 1 21.3266  21.3515  24.7332 0.7 1 1 6
 179 2 21.177  20.6901  23.792 -0.35 1 1 7
 180 0 37.6567  32.5027  8.91343 -0.35 1 1 7
 180 1 38.2093  31.5016  9.10831 0.7 1 1 6
 180 2 38.762  30.5005  9.30318 -0.35 1 1 7
 181 0 9.61022  6.72361  26.3626 -0.35 1 1 7
 181 1 10.35  7.15053  27.1475 0.7 1 1 6
 181 2 11.0898  7.57745  27.9324 -0.35 1 1 7
 182 0 3.92064  12.7841  3.32715 -0.35 1 1 7
 182 1 3.41367  11.792  3.0041 0.7 1 1 6
 182 2 2.9067  10.7999  2.68105 -0.35 1 1 7
 183 0 38.1148  4.20582  37.5266 -0.35 1 1 7
 183 1 37.2963  3.38669  37.5944 0.7 1 1 6
 183 2 36.4777  2.56755  37.6622 -0.35 1 1 7
 184 0 31.5872  31.2166  41.101 -0.35 1 1 7
 184 1 30.7288  31.2172  41.8811 0.7 1 1 6
 184 2 29.8703  31.2179  42.6613 -0.35 1 1 7
 185 0 25.291  17.5431  7.44962 -0.35 1 1 7
 185 1 25.4673  17.5812  8.59551 0.7 1 1 6
 185 2 25.6436  17.6194  9.7414 -0.35 1 1 7
 186 0 20.0203  -0.132835  13.8431 -0.35 1 1 7
 186 1 18.9963  -0.626369  13.6118 0.7 1 1 6
 186 2 17.9723  -1.1199  13.3805 -0.35 1 1 7
 187 0 27.0514  17.6815  30.5466 -0.35 1 1 7
 187 1 27.2215  18.7263  30.0721 0.7 1 1 6
 187 2 27.3916  19.7711  29.5977 -0.35 1 1 7
 188 0 4.38772  33.3832  0.107599 -0.35 1 1 7
 188 1 5.36218  33.5169  0.722537 0.7 1 1 6
 188 2 6.33664  33.6506  1.33747 -0.35 1 1 7
 189 0 22.2264  33.2938  5.83133 -0.35 1 1 7
 189 1 22.0454  33.1034  6.9612 0.7 1 1 6
 189 2 21.8644  32.913  8.09106 -0.35 1 1 7
 190 0 20.6885  2.76267  26.762 -0.35 1 1 7
 190 1 20.8152  1.63186  26.9875 0.7 1 1 6
 190 2 20.9418  0.50106  27.213 -0.35 1 1 7
 191 0 28.8942  9.98125  16.1589 -0.35 1 1 7
 191 1 28.6718  10.8604  15.4357 0.7 1 1 6
 191 2 28.4494  11.7396  14.7124 -0.35 1 1 7
 192 0 11.3329  4.90882  21.4772 -0.35 1 1 7
 192 1 12.0579  4.72881  22.3647 0.7 1 1 6
 192 2 12.7829  4.54879  23.2521 -0.35 1 1 7
 193 0 38.5949  31.3487  25.0056 -0.35 1 1 7
 193 1 39.6026  31.5187  25.5543 0.7 1 1 6
 193 2 40.6104  31.6887  26.103 -0.35 1 1 7
 194 0 6.71489  3.23424  2.36943 -0.35 1 1 7
 194 1 7.18385  2.61966  3.23429 0.7 1 1 6
 194 2 7.6528  2.00508  4.09914 -0.35 1 1 7
 195 0 2.11884  25.455  5.03217 -0.35 1 1 7
 195 1 2.36996  26.4473  4.48637 0.7 1 1 6
 195 2 2.62108  27.4396  3.94057 -0.35 1 1 7
 196 0 32.562  5.97575  35.3563 -0.35 1 1 7
 196 1 31.5807  5.72259  34.7919 0.7 1 1 6
 196 2 30.5994  5.46943  34.2274 -0.35 1 1 7
 197 0 12.8429  30.5956  25.5165 -0.35 1 1 7
 197 1 13.7651  31.1036  25.0297 0.7 1 1 6
 197 2 14.6874  31.6115  24.5428 -0.35 1 1 7
 198 0 21.842  7.26068  39.5915 -0.35 1 1 7
 198 1 21.7374  6.29021  38.9647 0.7 1 1 6
 198 2 21.6328  5.31974  38.3379 -0.35 1 1 7
 199 0 20.2216  29.8968  15.0076 -0.35 1 1 7
 199 1 19.2097  29.3433  14.8838 0.7 1 1 6
 199 2 18.1978  28.7898  14.76 -0.35 1 1 7
 200 0 27.3389  29.1856  36.7111 -0.35 1 1 7
 200 1 26.7522  30.1572  36.9504 0.7 1 1 6
 200 2 26.1655  31.1289  37.1898 -0.35 1 1 7
 201 0 18.02  14.275  24.555 -0.35 1 1 7
 201 1 16.9095  13.9575  24.663 0.7 1 1 6
 201 2 15.799  13.6399  24.7709 -0.35 1 1 7
 202 0 9.63499  20.2124  8.73737 -0.35 1 1 7
 202 1 8.82584  20.31  9.56281 0.7 1 1 6
 202 2 8.01668  20.4076  10.3882 -0.35 1 1 7
 203 0 18.0518  29.2968  38.4893 -0.35 1 1 7
 203 1 19.1975  29.4656  38.5566 0.7 1 1 6
 203 2 20.3431  29.6343  38.624 -0.35 1 1 7
 204 0 19.9695  29.7755  23.3996 -0.35 1 1 7
 204 1 19.2967  30.2199  22.5657 0.7 1 1 6
 204 2 18.6239  30.6643  21.7318 -0.35 1 1 7
 205 0 0.792339  26.3321  1.59821 -0.35 1 1 7
 205 1 0.0937388  25.4245  1.7822 0.7 1 1 6
 205 2 -0.604861  24.5169  1.96618 -0.35 1 1 7
 206 0 22.9271  4.88155  25.703 -0.35 1 1 7
 206 1 22.2107  4.80857  24.7936 0.7 1 1 6
 206 2 21.4943  4.73559  23.8842 -0.35 1 1 7
 207 0 24.8699  34.0884  37.5031 -0.35 1 1 7
 207 1 23.858  34.6552  37.482 0.7 1 1 6
 207 2 22.8461  35.2219  37.4608 -0.35 1 1 7
 208 0 32.5774  35.0778  3.23436 -0.35 1 1 7
 208 1 32.0064  34.7745  2.27127 0.7 1 1 6
 208 2 31.4354  34.4711  1.30819 -0.35 1 1 7
 209 0 17.0389  34.31  4.52152 -0.35 1 1 7
 209 1 18.0951  34.0316  4.13098 0.7 1 1 6
 209 2 19.1514  33.7532  3.74045 -0.35 1 1 7
 210 0 18.8855  32.8778  23.8811 -0.35 1 1 7
 210 1 17.8322  33.2171  23.5331 0.7 1 1 6
 210 2 16.779  33.5564  23.1852 -0.35 1 1 7
 211 0 17.8272  14.3146  35.8193 -0.35 1 1 7
 211 1 17.5848  13.5568  34.9751 0.7 1 1 6
 211 2 17.3424  12.7989  34.131 -0.35 1 1 7
 212 0 6.10602  30.6244  44.4074 -0.35 1 1 7
 212 1 6.03713  30.5269  43.2536 0.7 1 1 6
 212 2 5.96824  30.4293  42.0997 -0.35 1 1 7
 213 0 37.5359  17.4784  31.8031 -0.35 1 1 7
 213 1 36.4782  17.9525  31.8494 0.7 1 1 6
 213 2 35.4205  18.4265  31.8957 -0.35 1 1 7
 214 0 35.3135  31.8713  11.5232 -0.35 1 1 7
 214 1 35.4858  32.9359  11.9504 0.7 1 1 6
 214 2 35.6582  34.0006  12.3775 -0.35 1 1 7
 215 0 32.0483  30.9901  4.46002 -0.35 1 1 7
 215 1 32.9627  30.8024  5.1486 0.7 1 1 6
 215 2 33.8772  30.6148  5.83719 -0.35 1 1 7
 216 0 11.0327  8.05194  6.05443 -0.35 1 1 7
 216 1 11.5773  7.14342  6.5273 0.7 1 1 6
 216 2 12.1219  6.23491  7.00018 -0.35 1 1 7
 217 0 18.4794  32.8216  16.799 -0.35 1 1 7
 217 1 19.0504  33.6564  16.231 0.7 1 1 6
 217 2 19.6214  34.4912  15.663 -0.35 1 1 7
 218 0 12.2789  33.2634  28.3631 -0.35 1 1 7
 218 1 11.5905  33.0689  29.2762 0.7 1 1 6
 218 2 10.9021  32.8743  30.1894 -0.35 1 1 7
 219 0 10.5209  34.0764  12.7712 -0.35 1 1 7
 219 1 9.87425  34.1524  13.7313 0.7 1 1 6
 219 2 9.22758  34.2285  14.6913 -0.35 1 1 7
 220 0 36.9355  17.7567  35.3106 -0.35 1 1 7
 220 1 35.8384  17.403  35.1805 0.7 1 1 6
 220 2 34.7414  17.0494  35.0503 -0.35 1 1 7
 221 0 3.99182  13.7588  15.0993 -0.35 1 1 7
 221 1 3.0257  13.1424  15.2789 0.7 1 1 6
 221 2 2.05957  12.526  15.4585 -0.35 1 1 7
 222 0 37.9679  7.93416  6.40427 -0.35 1 1 7
 222 1 37.9358  6.84467  6.80124 0.7 1 1 6
 222 2 37.9037  5.75518  7.19822 -0.35 1 1 7
 223 0 36.4355  8.4339  11.7141 -0.35 1 1 7
 223 1 36.9129  7.90475  10.7989 0.7 1 1 6
 223 2 37.3904  7.37559  9.88372 -0.35 1 1 7
 224 0 38.0016  31.3567  17.4215 -0.35 1 1 7
 224 1 38.668  32.2904  17.2488 0.7 1 1 6
 224 2 39.3344  33.224  17.0762 -0.35 1 1 7
 225 0 31.652  33.1745  7.05614 -0.35 1 1 7
 225 1 31.8946  33.1492  8.1902 0.7 1 1 6
 225 2 32.1372  33.1239  9.32426 -0.35 1 1 7
 226 0 14.8383  19.0372  38.6864 -0.35 1 1 7
 226 1 14.8742  20.1075  39.1321 0.7 1 1 6
 226 2 14.9101  21.1779  39.5778 -0.35 1 1 7
 227 0 2.13637  27.2761  13.2765 -0.35 1 1 7
 227 1 1.79918  26.2255  12.9186 0.7 1 1 6
 227 2 1.46198  25.1749  12.5607 -0.35 1 1 7
 228 0 37.6071  34.1654  25.2599 -0.35 1 1 7
 228 1 36.6301  34.7874  25.1961 0.7 1 1 6
 228 2 35.653  35.4094  25.1322 -0.35 1 1 7
 229 0 1.77112  20.8644  16.2939 -0.35 1 1 7
 229 1 0.961148  20.2051  15.789 0.7 1 1 6
 229 2 0.151179  19.5458  15.2842 -0.35 1 1 7
 230 0 28.757  20.817  44.5716 -0.35 1 1 7
 230 1 28.8863  19.6683  44.4747 0.7 1 1 6
 230 2 29.0155  18.5196  44.3778 -0.35 1 1 7
 231 0 5.15899  15.2158  26.9475 -0.35 1 1 7
 231 1 4.8673  14.0956  26.8716 0.7 1 1 6
 231 2 4.57562  12.9754  26.7957 -0.35 1 1 7
 232 0 20.1326  30.1904  2.21317 -0.35 1 1 7
 232 1 19.1375  30.5313  2.70214 0.7 1 1 6
 232 2 18.1423  30.8722  3.19112 -0.35 1 1 7
 233 0 22.0756  7.89659  2.02209 -0.35 1 1 7
 233 1 23.0039  7.96411  1.32977 0.7 1 1 6
 233 2 23.9322  8.03162  0.637451 -0.35 1 1 7
 234 0 37.0191  6.07778  42.042 -0.35 1 1 7
 234 1 36.0887  5.90373  42.7126 0.7 1 1 6
 234 2 35.1583  5.72968  43.3832 -0.35 1 1 7
 235 0 16.8403  16.3311  14.0213 -0.35 1 1 7
 235 1 17.2345  15.2406  14.0518 0.7 1 1 6
 235 2 17.6288  14.1501  14.0822 -0.35 1 1 7
 236 0 6.49082  2.00356  24.7376 -0.35 1 1 7
 236 1 6.74922  1.07783  25.3871 0.7 1 1 6
 236 2 7.00761  0.152096  26.0366 -0.35 1 1 7
 237 0 11.1065  32.3498  23.3692 -0.35 1 1 7
 237 1 11.7265  33.2448  22.969 0.7 1 1 6
 237 2 12.3464  34.1398  22.5687 -0.35 1 1 7
 238 0 7.55646  1.51917  14.1552 -0.35 1 1 7
 238 1 7.25366  0.515389  13.6589 0.7 1 1 6
 238 2 6.95086  -0.488397  13.1626 -0.35 1 1 7
 239 0 22.175  33.6302  25.2271 -0.35 1 1 7
 239 1 21.971  33.0764  26.2257 0.7 1 1 6
 239 2 21.767  32.5225  27.2243 -0.35 1 1 7
 240 0 5.35792  16.5602  14.3424 -0.35 1 1 7
 240 1 6.41364  16.3544  14.7768 0.7 1 1 6
 240 2 7.46936  16.1485  15.2111 -0.35 1 1 7
 241 0 25.471  33.2372  42.5176 -0.35 1 1 7
 241 1 25.3702  33.5542  43.6289 0.7 1 1 6
 241 2 25.2694  33.8712  44.7402 -0.35 1 1 7
 242 0 23.0499  16.1068  24.2514 -0.35 1 1 7
 242 1 22.4264  16.8946  24.8312 0.7 1 1 6
 242 2 21.8029  17.6825  25.4109 -0.35 1 1 7
 243 0 4.23374  33.8678  26.3077 -0.35 1 1 7
 243 1 4.93576  34.7853  26.2029 0.7 1 1 6
 243 2 5.63778  35.7028  26.0982 -0.35 1 1 7
 244 0 10.4813  10.0251  3.89313 -0.35 1 1 7
 244 1 11.0254  9.24951  3.2238 0.7 1 1 6
 244 2 11.5696  8.47396  2.55447 -0.35 1 1 7
 245 0 7.09192  30.1107  23.6433 -0.35 1 1 7
 245 1 6.34877  29.7831  24.4716 0.7 1 1 6
 245 2 5.60562  29.4555  25.2999 -0.35 1 1 7
 246 0 33.8737  17.118  24.4907 -0.35 1 1 7
 246 1 35.026  16.9973  24.4332 0.7 1 1 6
 246 2 36.1782  16.8766  24.3757 -0.35 1 1 7
 247 0 32.1449  30.4614  9.53171 -0.35 1 1 7
 247 1 31.9593  30.6628  10.6589 0.7 1 1 6
 247 2 31.7737  30.8641  11.7861 -0.35 1 1 7
 248 0 20.5432  15.3822  35.8206 -0.35 1 1 7
 248 1 20.5109  16.5318  35.6691 0.7 1 1 6
 248 2 20.4786  17.6814  35.5176 -0.35 1 1 7
 249 0 30.3851  4.78718  30.4766 -0.35 1 1 7
 249 1 29.8392  4.77266  29.4531 0.7 1 1 6
 249 2 29.2933  4.75814  28.4297 -0.35 1 1 7
 250 0 32.8131  28.9855  15.6725 -0.35 1 1 7
 250 1 31.7796  28.9487  15.147 0.7 1 1 6
 250 2 30.7461  28.912  14.6215 -0.35 1 1 7
 251 0 29.5122  14.256  24.611 -0.35 1 1 7
 251 1 29.0973  13.274  25.0684 0.7 1 1 6
 251 2 28.6824  12.292  25.5257 -0.35 1 1 7
 252 0 26.0676  30.8218  27.3919 -0.35 1 1 7
 252 1 25.9124  30.6475  28.5282 0.7 1 1 6
 252 2 25.7572  30.4731  29.6645 -0.35 1 1 7
