x y z charge scale scaleCoul Type
 0 0 14.9891  21.8083  21.2854 -0.3256 1 1 17
 0 1 14.5152  21.644  22.3313 0.6512 1 1 16
 0 2 14.0413  21.4797  23.3773 -0.3256 1 1 17
 1 0 21.5683  3.95443  27.7306 -0.3256 1 1 17
 1 1 22.3148  4.79111  27.4335 0.6512 1 1 16
 1 2 23.0613  5.6278  27.1364 -0.3256 1 1 17
 2 0 2.82656  12.6368  0.110004 -0.3256 1 1 17
 2 1 2.13003  12.0731  0.846683 0.6512 1 1 16
 2 2 1.4335  11.5094  1.58336 -0.3256 1 1 17
 3 0 14.7187  1.61934  29.2534 -0.3256 1 1 17
 3 1 15.6245  1.65309  29.9772 0.6512 1 1 16
 3 2 16.5303  1.68684  30.7011 -0.3256 1 1 17
 4 0 25.2941  38.5042  31.4684 -0.3256 1 1 17
 4 1 25.2104  37.4422  31.0094 0.6512 1 1 16
 4 2 25.1267  36.3801  30.5504 -0.3256 1 1 17
 5 0 37.7778  15.2232  2.13779 -0.3256 1 1 17
 5 1 37.2813  14.9658  1.12152 0.6512 1 1 16
 5 2 36.7848  14.7083  0.10524 -0.3256 1 1 17
 6 0 2.99863  20.2472  1.37522 -0.3256 1 1 17
 6 1 2.22957  21.0373  1.01479 0.6512 1 1 16
 6 2 1.4605  21.8274  0.654351 -0.3256 1 1 17
 7 0 17.9651  19.0376  30.7858 -0.3256 1 1 17
 7 1 17.4391  19.5069  29.8646 0.6512 1 1 16
 7 2 16.9132  19.9763  28.9433 -0.3256 1 1 17
 8 0 0.819872  22.747  16.9767 -0.3256 1 1 17
 8 1 1.19515  23.3675  17.8821 0.6512 1 1 16
 8 2 1.57042  23.988  18.7875 -0.3256 1 1 17
 9 0 16.0249  16.7279  15.2632 -0.3256 1 1 17
 9 1 16.7665  17.5928  15.4814 0.6512 1 1 16
 9 2 17.5081  18.4576  15.6996 -0.3256 1 1 17
 10 0 0.290838  15.4395  14.6348 -0.3256 1 1 17
 10 1 1.32518  15.2148  15.1094 0.6512 1 1 16
 10 2 2.35952  14.9901  15.584 -0.3256 1 1 17
 11 0 22.9214  9.676  16.5961 -0.3256 1 1 17
 11 1 23.713  10.1216  15.8747 0.6512 1 1 16
 11 2 24.5046  10.5671  15.1532 -0.3256 1 1 17
 12 0 10.3669  33.3238  5.50306 -0.3256 1 1 17
 12 1 10.1288  32.3168  6.0274 0.6512 1 1 16
 12 2 9.89078  31.3099  6.55174 -0.3256 1 1 17
 13 0 6.61293  13.5829  35.0497 -0.3256 1 1 17
 13 1 6.79534  14.699  35.3078 0.6512 1 1 16
 13 2 6.97774  15.8151  35.5659 -0.3256 1 1 17
 14 0 20.1447  11.5746  23.2469 -0.3256 1 1 17
 14 1 20.9656  11.4248  24.0527 0.6512 1 1 16
 14 2 21.7864  11.275  24.8586 -0.3256 1 1 17
 15 0 12.7423  0.163462  13.5515 -0.3256 1 1 17
 15 1 13.2309  1.21548  13.5619 0.6512 1 1 16
 15 2 13.7196  2.2675  13.5723 -0.3256 1 1 17
 16 0 25.7311  31.8318  16.0728 -0.3256 1 1 17
 16 1 25.3123  31.8869  17.1531 0.6512 1 1 16
 16 2 24.8934  31.9419  18.2334 -0.3256 1 1 17
 17 0 26.4187  35.7977  12.7208 -0.3256 1 1 17
 17 1 26.5268  36.923  12.9809 0.6512 1 1 16
 17 2 26.6349  38.0483  13.241 -0.3256 1 1 17
 18 0 7.78977  12.4384  38.0767 -0.3256 1 1 17
 18 1 7.33815  11.4654  37.6352 0.6512 1 1 16
 18 2 6.88654  10.4924  37.1937 -0.3256 1 1 17
 19 0 11.9472  26.6235  32.931 -0.3256 1 1 17
 19 1 10.999  26.0951  33.3399 0.6512 1 1 16
 19 2 10.0508  25.5666  33.7489 -0.3256 1 1 17
 20 0 21.5409  27.6027  37.9884 -0.3256 1 1 17
 20 1 22.4459  27.7342  38.702 0.6512 1 1 16
 20 2 23.351  27.8656  39.4155 -0.3256 1 1 17
 21 0 32.8372  0.548007  8.98664 -0.3256 1 1 17
 21 1 33.7441  -0.0305458  8.55257 0.6512 1 1 16
 21 2 34.651  -0.609099  8.1185 -0.3256 1 1 17
 22 0 0.345899  34.0289  5.6633 -0.3256 1 1 17
 22 1 0.194517  35.1005  6.08098 0.6512 1 1 16
 22 2 0.0431353  36.172  6.49867 -0.3256 1 1 17
 23 0 26.159  35.3195  15.4678 -0.3256 1 1 17
 23 1 25.9252  35.058  16.5735 0.6512 1 1 16
 23 2 25.6914  34.7965  17.6792 -0.3256 1 1 17
 24 0 13.9069  0.242507  33.6024 -0.3256 1 1 17
 24 1 13.5992  0.254006  34.7208 0.6512 1 1 16
 24 2 13.2916  0.265506  35.8392 -0.3256 1 1 17
 25 0 23.5511  30.8949  0.271525 -0.3256 1 1 17
 25 1 22.6235  31.57  0.442773 0.6512 1 1 16
 25 2 21.6959  32.2452  0.614021 -0.3256 1 1 17
 26 0 29.1461  22.7154  18.3356 -0.3256 1 1 17
 26 1 27.9895  22.6311  18.3627 0.6512 1 1 16
 26 2 26.8329  22.5469  18.3898 -0.3256 1 1 17
 27 0 12.2171  29.4166  22.5974 -0.3256 1 1 17
 27 1 11.3217  28.9215  22.0508 0.6512 1 1 16
 27 2 10.4263  28.4263  21.5043 -0.3256 1 1 17
 28 0 14.3383  8.3783  2.24428 -0.3256 1 1 17
 28 1 14.0585  9.01866  1.31839 0.6512 1 1 16
 28 2 13.7788  9.65902  0.392497 -0.3256 1 1 17
 29 0 4.71964  11.4455  16.8112 -0.3256 1 1 17
 29 1 4.77306  11.7572  17.9273 0.6512 1 1 16
 29 2 4.82649  12.0689  19.0434 -0.3256 1 1 17
 30 0 11.2393  11.8257  11.1177 -0.3256 1 1 17
 30 1 11.154  12.5393  10.2072 0.6512 1 1 16
 30 2 11.0686  13.253  9.2967 -0.3256 1 1 17
 31 0 23.7821  12.0101  28.3303 -0.3256 1 1 17
 31 1 24.0516  12.6589  27.4073 0.6512 1 1 16
 31 2 24.3212  13.3076  26.4842 -0.3256 1 1 17
 32 0 35.8583  35.6383  16.982 -0.3256 1 1 17
 32 1 36.7238  35.0157  16.5251 0.6512 1 1 16
 32 2 37.5893  34.393  16.0682 -0.3256 1 1 17
 33 0 2.13172  16.7262  3.93262 -0.3256 1 1 17
 33 1 2.76376  15.7543  3.97133 0.6512 1 1 16
 33 2 3.3958  14.7823  4.01004 -0.3256 1 1 17
 34 0 19.5685  21.328  21.5858 -0.3256 1 1 17
 34 1 20.3881  22.0864  21.9001 0.6512 1 1 16
 34 2 21.2076  22.8448  22.2143 -0.3256 1 1 17
 35 0 1.60044  15.2208  37.0694 -0.3256 1 1 17
 35 1 0.55122  15.1854  36.576 0.6512 1 1 16
 35 2 -0.498002  15.15  36.0826 -0.3256 1 1 17
 36 0 9.65136  36.2204  31.0973 -0.3256 1 1 17
 36 1 8.73675  35.599  30.7467 0.6512 1 1 16
 36 2 7.82214  34.9776  30.3961 -0.3256 1 1 17
 37 0 36.6262  33.1919  2.0915 -0.3256 1 1 17
 37 1 37.5288  32.5637  1.72236 0.6512 1 1 16
 37 2 38.4314  31.9355  1.35322 -0.3256 1 1 17
 38 0 4.63961  21.3163  18.2412 -0.3256 1 1 17
 38 1 5.00169  20.9391  19.2767 0.6512 1 1 16
 38 2 5.36377  20.5618  20.3121 -0.3256 1 1 17
 39 0 26.6746  20.0637  3.23491 -0.3256 1 1 17
 39 1 25.6738  19.8903  3.79515 0.6512 1 1 16
 39 2 24.6729  19.7169  4.35538 -0.3256 1 1 17
 40 0 13.7155  7.25941  28.4267 -0.3256 1 1 17
 40 1 12.7463  7.76252  28.8179 0.6512 1 1 16
 40 2 11.777  8.26564  29.2091 -0.3256 1 1 17
 41 0 13.3457  1.74688  9.5907 -0.3256 1 1 17
 41 1 14.281  1.86689  10.2664 0.6512 1 1 16
 41 2 15.2162  1.98689  10.942 -0.3256 1 1 17
 42 0 24.7663  26.2474  35.7317 -0.3256 1 1 17
 42 1 23.7847  26.8349  35.5394 0.6512 1 1 16
 42 2 22.8032  27.4224  35.3471 -0.3256 1 1 17
 43 0 10.1297  15.3845  18.2319 -0.3256 1 1 17
 43 1 11.1779  15.0028  18.55 0.6512 1 1 16
 43 2 12.2261  14.6211  18.8681 -0.3256 1 1 17
 44 0 31.1632  25.6374  12.6701 -0.3256 1 1 17
 44 1 31.8253  26.5485  12.3921 0.6512 1 1 16
 44 2 32.4874  27.4595  12.114 -0.3256 1 1 17
 45 0 24.9105  31.8604  34.4808 -0.3256 1 1 17
 45 1 24.6153  30.7399  34.4269 0.6512 1 1 16
 45 2 24.3201  29.6194  34.3731 -0.3256 1 1 17
 46 0 22.9007  33.4315  21.3788 -0.3256 1 1 17
 46 1 22.3661  33.7552  20.4016 0.6512 1 1 16
 46 2 21.8314  34.0789  19.4244 -0.3256 1 1 17
 47 0 13.7216  34.5479  31.4034 -0.3256 1 1 17
 47 1 13.1732  33.6096  30.9979 0.6512 1 1 16
 47 2 12.6247  32.6713  30.5925 -0.3256 1 1 17
 48 0 21.193  8.19925  0.00273657 -0.3256 1 1 17
 48 1 21.9872  7.3542  0.029982 0.6512 1 1 16
 48 2 22.7814  6.50914  0.0572274 -0.3256 1 1 17
 49 0 19.8151  2.96338  4.32206 -0.3256 1 1 17
 49 1 20.2101  1.891  4.52086 0.6512 1 1 16
 49 2 20.6052  0.818607  4.71966 -0.3256 1 1 17
 50 0 36.3325  25.0477  8.83102 -0.3256 1 1 17
 50 1 36.8735  24.0216  8.83903 0.6512 1 1 16
 50 2 37.4145  22.9955  8.84704 -0.3256 1 1 17
 51 0 5.27668  34.0894  2.74753 -0.3256 1 1 17
 51 1 4.65965  33.3113  2.14796 0.6512 1 1 16
 51 2 4.04262  32.5332  1.5484 -0.3256 1 1 17
 52 0 36.3174  36.3806  4.51565 -0.3256 1 1 17
 52 1 35.5634  35.9561  5.28828 0.6512 1 1 16
 52 2 34.8094  35.5317  6.06091 -0.3256 1 1 17
 53 0 34.8758  29.0382  26.8686 -0.3256 1 1 17
 53 1 36.0206  29.2249  26.8799 0.6512 1 1 16
 53 2 37.1654  29.4116  26.8911 -0.3256 1 1 17
 54 0 9.97921  21.1943  6.6083 -0.3256 1 1 17
 54 1 10.0288  20.3758  5.78783 0.6512 1 1 16
 54 2 10.0784  19.5573  4.96736 -0.3256 1 1 17
 55 0 11.8114  15.9316  11.021 -0.3256 1 1 17
 55 1 11.0046  16.7638  10.9758 0.6512 1 1 16
 55 2 10.1978  17.5961  10.9305 -0.3256 1 1 17
 56 0 8.305  20.4242  29.6536 -0.3256 1 1 17
 56 1 8.5324  19.8039  28.7001 0.6512 1 1 16
 56 2 8.7598  19.1837  27.7466 -0.3256 1 1 17
 57 0 9.44199  23.9262  14.2271 -0.3256 1 1 17
 57 1 9.48485  23.7541  15.3734 0.6512 1 1 16
 57 2 9.52771  23.5819  16.5198 -0.3256 1 1 17
 58 0 15.4207  37.0169  0.954115 -0.3256 1 1 17
 58 1 15.1789  36.3516  1.87309 0.6512 1 1 16
 58 2 14.9371  35.6863  2.79206 -0.3256 1 1 17
 59 0 37.9261  37.7012  14.8322 -0.3256 1 1 17
 59 1 36.7759  37.6953  14.6821 0.6512 1 1 16
 59 2 35.6257  37.6893  14.5319 -0.3256 1 1 17
 60 0 32.8059  38.2306  5.72186 -0.3256 1 1 17
 60 1 32.8624  39.26  5.1901 0.6512 1 1 16
 60 2 32.919  40.2894  4.65834 -0.3256 1 1 17
 61 0 19.63  0.847373  27.2521 -0.3256 1 1 17
 61 1 19.1709  0.837657  26.1869 0.6512 1 1 16
 61 2 18.7117  0.827941  25.1216 -0.3256 1 1 17
 62 0 10.3879  34.8445  37.6065 -0.3256 1 1 17
 62 1 11.0124  33.9686  37.1725 0.6512 1 1 16
 62 2 11.6369  33.0926  36.7385 -0.3256 1 1 17
 63 0 15.1806  30.8062  36.261 -0.3256 1 1 17
 63 1 15.5184  29.8723  36.8605 0.6512 1 1 16
 63 2 15.8563  28.9384  37.46 -0.3256 1 1 17
 64 0 16.5819  22.3243  17.8163 -0.3256 1 1 17
 64 1 17.2884  22.3725  18.7351 0.6512 1 1 16
 64 2 17.9949  22.4207  19.6538 -0.3256 1 1 17
 65 0 24.0647  6.10653  22.0503 -0.3256 1 1 17
 65 1 23.9169  5.85478  23.1729 0.6512 1 1 16
 65 2 23.7691  5.60303  24.2956 -0.3256 1 1 17
 66 0 1.55583  27.3919  13.9924 -0.3256 1 1 17
 66 1 1.79003  26.3871  14.5226 0.6512 1 1 16
 66 2 2.02423  25.3823  15.0528 -0.3256 1 1 17
 67 0 4.46873  28.329  5.11806 -0.3256 1 1 17
 67 1 4.38864  28.95  6.09454 0.6512 1 1 16
 67 2 4.30854  29.571  7.07102 -0.3256 1 1 17
 68 0 8.91269  36.0973  24.4669 -0.3256 1 1 17
 68 1 8.21245  35.9427  25.3787 0.6512 1 1 16
 68 2 7.51221  35.7881  26.2905 -0.3256 1 1 17
 69 0 37.9302  23.7699  12.3346 -0.3256 1 1 17
 69 1 37.0879  24.2833  12.945 0.6512 1 1 16
 69 2 36.2456  24.7967  13.5554 -0.3256 1 1 17
 70 0 18.4812  31.2825  6.842 -0.3256 1 1 17
 70 1 17.6322  31.9518  7.26242 0.6512 1 1 16
 70 2 16.7832  32.6212  7.68284 -0.3256 1 1 17
 71 0 0.48909  24.7236  4.64912 -0.3256 1 1 17
 71 1 1.3887  24.8785  5.36487 0.6512 1 1 16
 71 2 2.28831  25.0334  6.08062 -0.3256 1 1 17
 72 0 33.6106  8.99464  38.4718 -0.3256 1 1 17
 72 1 34.3186  8.64689  37.6213 0.6512 1 1 16
 72 2 35.0266  8.29913  36.7708 -0.3256 1 1 17
 73 0 24.7366  0.882789  9.30723 -0.3256 1 1 17
 73 1 25.1604  0.551031  8.27965 0.6512 1 1 16
 73 2 25.5842  0.219273  7.25206 -0.3256 1 1 17
 74 0 15.5434  13.2282  12.6876 -0.3256 1 1 17
 74 1 14.7103  14.0353  12.6956 0.6512 1 1 16
 74 2 13.8772  14.8424  12.7037 -0.3256 1 1 17
 75 0 34.4362  28.3669  31.0524 -0.3256 1 1 17
 75 1 33.6254  28.5588  31.8594 0.6512 1 1 16
 75 2 32.8146  28.7506  32.6665 -0.3256 1 1 17
 76 0 37.3652  0.780911  6.7793 -0.3256 1 1 17
 76 1 38.0074  1.73581  6.92572 0.6512 1 1 16
 76 2 38.6495  2.69072  7.07214 -0.3256 1 1 17
 77 0 7.58615  24.0989  36.8042 -0.3256 1 1 17
 77 1 6.78067  23.6478  36.1019 0.6512 1 1 16
 77 2 5.97518  23.1966  35.3996 -0.3256 1 1 17
 78 0 21.3472  33.1695  15.2012 -0.3256 1 1 17
 78 1 20.4204  32.9361  14.5439 0.6512 1 1 16
 78 2 19.4935  32.7027  13.8867 -0.3256 1 1 17
 79 0 11.718  10.2456  13.5354 -0.3256 1 1 17
 79 1 12.6973  9.82859  13.0742 0.6512 1 1 16
 79 2 13.6766  9.41158  12.6131 -0.3256 1 1 17
 80 0 4.88465  0.187632  5.61902 -0.3256 1 1 17
 80 1 4.61112  1.10343  4.96169 0.6512 1 1 16
 80 2 4.3376  2.01924  4.30435 -0.3256 1 1 17
 81 0 36.2633  13.3352  25.6926 -0.3256 1 1 17
 81 1 36.7588  12.9115  24.7332 0.6512 1 1 16
 81 2 37.2543  12.4878  23.7737 -0.3256 1 1 17
 82 0 4.17139  19.3652  30.3297 -0.3256 1 1 17
 82 1 3.3863  19.7907  31.0701 0.6512 1 1 16
 82 2 2.60121  20.2162  31.8105 -0.3256 1 1 17
 83 0 12.0769  4.45461  27.6645 -0.3256 1 1 17
 83 1 11.2498  4.42432  26.8517 0.6512 1 1 16
 83 2 10.4227  4.39404  26.0389 -0.3256 1 1 17
 84 0 33.1221  37.0599  2.94195 -0.3256 1 1 17
 84 1 34.0259  37.4307  2.31644 0.6512 1 1 16
 84 2 34.9296  37.8015  1.69092 -0.3256 1 1 17
 85 0 2.88971  2.41441  9.02931 -0.3256 1 1 17
 85 1 2.58558  1.42913  8.49797 0.6512 1 1 16
 85 2 2.28144  0.443846  7.96664 -0.3256 1 1 17
 86 0 17.7229  23.2122  36.3881 -0.3256 1 1 17
 86 1 18.6719  23.8323  36.1424 0.6512 1 1 16
 86 2 19.621  24.4524  35.8967 -0.3256 1 1 17
 87 0 3.87245  9.72911  0.83646 -0.3256 1 1 17
 87 1 3.2818  8.73192  0.788079 0.6512 1 1 16
 87 2 2.69114  7.73473  0.739699 -0.3256 1 1 17
 88 0 14.9858  10.2022  4.37611 -0.3256 1 1 17
 88 1 15.6336  11.132  4.12822 0.6512 1 1 16
 88 2 16.2814  12.0618  3.88033 -0.3256 1 1 17
 89 0 21.5584  11.5106  0.608459 -0.3256 1 1 17
 89 1 20.6463  11.9787  0.0655867 0.6512 1 1 16
 89 2 19.7343  12.4467  -0.477286 -0.3256 1 1 17
 90 0 16.7818  11.8003  14.9575 -0.3256 1 1 17
 90 1 16.8499  10.691  14.6253 0.6512 1 1 16
 90 2 16.918  9.58169  14.2931 -0.3256 1 1 17
 91 0 23.117  33.1314  7.1162 -0.3256 1 1 17
 91 1 23.8259  33.9303  7.56865 0.6512 1 1 16
 91 2 24.5348  34.7293  8.02111 -0.3256 1 1 17
 92 0 17.8459  34.4782  37.3097 -0.3256 1 1 17
 92 1 17.8387  33.9305  38.3322 0.6512 1 1 16
 92 2 17.8315  33.3828  39.3547 -0.3256 1 1 17
 93 0 8.80227  2.45519  0.662991 -0.3256 1 1 17
 93 1 7.9632  2.1729  -0.0865893 0.6512 1 1 16
 93 2 7.12413  1.8906  -0.83617 -0.3256 1 1 17
 94 0 14.1657  3.70508  23.3993 -0.3256 1 1 17
 94 1 15.1292  3.32899  22.8741 0.6512 1 1 16
 94 2 16.0927  2.95289  22.349 -0.3256 1 1 17
 95 0 27.2075  37.791  20.9848 -0.3256 1 1 17
 95 1 27.2827  38.115  22.0961 0.6512 1 1 16
 95 2 27.358  38.439  23.2073 -0.3256 1 1 17
 96 0 5.62859  10.5065  13.8778 -0.3256 1 1 17
 96 1 6.70824  10.1172  13.7094 0.6512 1 1 16
 96 2 7.78789  9.72783  13.541 -0.3256 1 1 17
 97 0 18.1052  15.6346  18.5405 -0.3256 1 1 17
 97 1 17.4385  14.8348  18.0292 0.6512 1 1 16
 97 2 16.7719  14.035  17.5178 -0.3256 1 1 17
 98 0 8.54026  14.4946  10.1393 -0.3256 1 1 17
 98 1 7.69787  14.2445  9.38206 0.6512 1 1 16
 98 2 6.85548  13.9943  8.62483 -0.3256 1 1 17
 99 0 14.1003  25.66  12.6378 -0.3256 1 1 17
 99 1 14.4886  25.0808  13.5649 0.6512 1 1 16
 99 2 14.8768  24.5015  14.4919 -0.3256 1 1 17
 100 0 5.13478  3.944  12.0088 -0.3256 1 1 17
 100 1 6.17965  3.78269  12.4861 0.6512 1 1 16
 100 2 7.22452  3.62138  12.9634 -0.3256 1 1 17
 101 0 23.8624  37.4408  17.4094 -0.3256 1 1 17
 101 1 23.6359  38.2659  16.6262 0.6512 1 1 16
 101 2 23.4094  39.091  15.8429 -0.3256 1 1 17
 102 0 38.329  13.6777  20.5735 -0.3256 1 1 17
 102 1 39.3028  14.308  20.5881 0.6512 1 1 16
 102 2 40.2765  14.9382  20.6028 -0.3256 1 1 17
 103 0 8.30342  34.2176  35.775 -0.3256 1 1 17
 103 1 8.76335  33.8027  34.7942 0.6512 1 1 16
 103 2 9.22329  33.3878  33.8134 -0.3256 1 1 17
 104 0 30.8097  36.3179  26.3655 -0.3256 1 1 17
 104 1 30.4707  35.3153  26.8404 0.6512 1 1 16
 104 2 30.1317  34.3127  27.3152 -0.3256 1 1 17
 105 0 0.434659  15.2462  30.0483 -0.3256 1 1 17
 105 1 0.376026  16.4047  30.0608 0.6512 1 1 16
 105 2 0.317393  17.5631  30.0734 -0.3256 1 1 17
 106 0 13.8995  22.8488  8.80002 -0.3256 1 1 17
 106 1 13.3265  22.3885  7.90253 0.6512 1 1 16
 106 2 12.7536  21.9282  7.00504 -0.3256 1 1 17
 107 0 28.0976  14.8557  3.44552 -0.3256 1 1 17
 107 1 27.9446  13.924  4.11932 0.6512 1 1 16
 107 2 27.7915  12.9922  4.79312 -0.3256 1 1 17
 108 0 3.08044  7.83325  7.74789 -0.3256 1 1 17
 108 1 2.23078  7.11255  8.07082 0.6512 1 1 16
 108 2 1.38113  6.39185  8.39374 -0.3256 1 1 17
 109 0 30.5952  31.7129  34.8392 -0.3256 1 1 17
 109 1 30.4474  32.2562  35.8533 0.6512 1 1 16
 109 2 30.2996  32.7995  36.8675 -0.3256 1 1 17
 110 0 27.661  0.264981  36.5085 -0.3256 1 1 17
 110 1 26.775  -0.474381  36.3908 0.6512 1 1 16
 110 2 25.8889  -1.21374  36.2732 -0.3256 1 1 17
 111 0 15.8582  29.8925  20.1035 -0.3256 1 1 17
 111 1 16.2329  29.8639  21.2009 0.6512 1 1 16
 111 2 16.6076  29.8352  22.2984 -0.3256 1 1 17
 112 0 37.4982  36.0307  30.87 -0.3256 1 1 17
 112 1 36.6839  35.635  30.1448 0.6512 1 1 16
 112 2 35.8696  35.2392  29.4196 -0.3256 1 1 17
 113 0 31.2271  12.465  20.4206 -0.3256 1 1 17
 113 1 30.1658  12.8604  20.6712 0.6512 1 1 16
 113 2 29.1045  13.2558  20.9219 -0.3256 1 1 17
 114 0 29.6539  28.2896  0.669406 -0.3256 1 1 17
 114 1 29.8621  29.0817  -0.152067 0.6512 1 1 16
 114 2 30.0704  29.8738  -0.973541 -0.3256 1 1 17
 115 0 36.1438  9.98504  3.98792 -0.3256 1 1 17
 115 1 36.6634  11.0067  4.16668 0.6512 1 1 16
 115 2 37.183  12.0283  4.34545 -0.3256 1 1 17
 116 0 3.33958  14.3205  9.06126 -0.3256 1 1 17
 116 1 3.38393  13.7133  10.0486 0.6512 1 1 16
 116 2 3.42829  13.106  11.036 -0.3256 1 1 17
 117 0 32.055  30.86  21.763 -0.3256 1 1 17
 117 1 31.5407  31.7352  21.2016 0.6512 1 1 16
 117 2 31.0264  32.6103  20.6402 -0.3256 1 1 17
 118 0 24.4633  22.7996  16.6622 -0.3256 1 1 17
 118 1 23.6468  22.7378  17.4838 0.6512 1 1 16
 118 2 22.8302  22.676  18.3054 -0.3256 1 1 17
 119 0 31.4447  10.9585  15.0565 -0.3256 1 1 17
 119 1 30.3502  11.3425  15.0518 0.6512 1 1 16
 119 2 29.2556  11.7266  15.0472 -0.3256 1 1 17
 120 0 7.38424  3.00217  17.5837 -0.3256 1 1 17
 120 1 7.71372  3.62041  16.6591 0.6512 1 1 16
 120 2 8.0432  4.23865  15.7345 -0.3256 1 1 17
 121 0 13.868  13.8687  1.28844 -0.3256 1 1 17
 121 1 13.9629  15.0027  1.51367 0.6512 1 1 16
 121 2 14.0579  16.1366  1.7389 -0.3256 1 1 17
 122 0 26.149  17.1232  32.3963 -0.3256 1 1 17
 122 1 26.4628  16.1941  31.7768 0.6512 1 1 16
 122 2 26.7766  15.2649  31.1572 -0.3256 1 1 17
 123 0 26.4641  4.2655  5.68935 -0.3256 1 1 17
 123 1 25.5298  4.11294  5.019 0.6512 1 1 16
 123 2 24.5955  3.96039  4.34866 -0.3256 1 1 17
 124 0 0.135234  19.8195  37.6312 -0.3256 1 1 17
 124 1 -0.473613  18.914  38.0249 0.6512 1 1 16
 124 2 -1.08246  18.0085  38.4185 -0.3256 1 1 17
 125 0 5.66524  36.4225  18.1537 -0.3256 1 1 17
 125 1 6.27732  36.2905  17.1773 0.6512 1 1 16
 125 2 6.8894  36.1585  16.2008 -0.3256 1 1 17
 126 0 31.6891  15.7534  8.91504 -0.3256 1 1 17
 126 1 32.5802  16.1613  8.29426 0.6512 1 1 16
 126 2 33.4712  16.5691  7.67349 -0.3256 1 1 17
 127 0 24.1294  14.7528  30.6238 -0.3256 1 1 17
 127 1 23.3983  15.1246  31.4441 0.6512 1 1 16
 127 2 22.6673  15.4964  32.2644 -0.3256 1 1 17
 128 0 3.6572  27.8006  10.286 -0.3256 1 1 17
 128 1 3.79189  28.1618  11.3801 0.6512 1 1 16
 128 2 3.92657  28.523  12.4742 -0.3256 1 1 17
 129 0 7.91152  17.4489  19.5959 -0.3256 1 1 17
 129 1 8.34063  17.6216  20.6597 0.6512 1 1 16
 129 2 8.76975  17.7943  21.7235 -0.3256 1 1 17
 130 0 4.61027  19.6835  4.52821 -0.3256 1 1 17
 130 1 5.28436  19.6244  5.47039 0.6512 1 1 16
 130 2 5.95845  19.5652  6.41257 -0.3256 1 1 17
 131 0 20.2548  26.7365  22.6464 -0.3256 1 1 17
 131 1 19.1162  26.5198  22.6947 0.6512 1 1 16
 131 2 17.9777  26.3032  22.7431 -0.3256 1 1 17
 132 0 2.1284  34.9219  23.2721 -0.3256 1 1 17
 132 1 1.70934  34.0582  22.6209 0.6512 1 1 16
 132 2 1.29028  33.1945  21.9698 -0.3256 1 1 17
 133 0 17.5537  7.64991  18.3152 -0.3256 1 1 17
 133 1 16.7122  8.20315  18.8909 0.6512 1 1 16
 133 2 15.8707  8.75639  19.4665 -0.3256 1 1 17
 134 0 32.9306  16.0406  31.2268 -0.3256 1 1 17
 134 1 33.1222  17.1694  31.0405 0.6512 1 1 16
 134 2 33.3137  18.2982  30.8542 -0.3256 1 1 17
 135 0 6.54081  16.6161  0.502911 -0.3256 1 1 17
 135 1 5.50582  17.0861  0.271597 0.6512 1 1 16
 135 2 4.47083  17.556  0.0402829 -0.3256 1 1 17
 136 0 11.0469  8.72497  32.9457 -0.3256 1 1 17
 136 1 11.5959  7.80399  33.3883 0.6512 1 1 16
 136 2 12.145  6.883  33.831 -0.3256 1 1 17
 137 0 8.29053  0.878751  24.8169 -0.3256 1 1 17
 137 1 8.57509  0.578353  25.9006 0.6512 1 1 16
 137 2 8.85965  0.277954  26.9843 -0.3256 1 1 17
 138 0 24.7068  31.9745  12.8809 -0.3256 1 1 17
 138 1 25.7594  31.606  12.562 0.6512 1 1 16
 138 2 26.8121  31.2375  12.2431 -0.3256 1 1 17
 139 0 26.0538  16.9856  3.50608 -0.3256 1 1 17
 139 1 25.4061  17.3157  2.60217 0.6512 1 1 16
 139 2 24.7583  17.6458  1.69827 -0.3256 1 1 17
 140 0 18.8346  16.6052  34.1353 -0.3256 1 1 17
 140 1 19.1462  15.4942  34.2544 0.6512 1 1 16
 140 2 19.4578  14.3832  34.3734 -0.3256 1 1 17
 141 0 0.769979  33.6337  11.3018 -0.3256 1 1 17
 141 1 1.43095  32.7379  11.6277 0.6512 1 1 16
 141 2 2.09192  31.842  11.9535 -0.3256 1 1 17
 142 0 8.73363  7.22337  14.8714 -0.3256 1 1 17
 142 1 9.13011  6.4726  14.081 0.6512 1 1 16
 142 2 9.5266  5.72183  13.2906 -0.3256 1 1 17
 143 0 28.9213  28.5275  17.2936 -0.3256 1 1 17
 143 1 29.8712  28.3027  16.667 0.6512 1 1 16
 143 2 30.8211  28.0779  16.0403 -0.3256 1 1 17
 144 0 34.0327  29.0628  16.8114 -0.3256 1 1 17
 144 1 34.8477  29.7129  17.3201 0.6512 1 1 16
 144 2 35.6627  30.363  17.8287 -0.3256 1 1 17
 145 0 11.8247  27.0903  37.1016 -0.3256 1 1 17
 145 1 11.6728  25.9932  37.4464 0.6512 1 1 16
 145 2 11.5209  24.8961  37.7912 -0.3256 1 1 17
 146 0 8.61405  16.7082  30.3561 -0.3256 1 1 17
 146 1 8.08777  16.2364  31.2759 0.6512 1 1 16
 146 2 7.5615  15.7645  32.1957 -0.3256 1 1 17
 147 0 33.6781  32.3969  15.9672 -0.3256 1 1 17
 147 1 33.3589  32.0585  14.9046 0.6512 1 1 16
 147 2 33.0396  31.72  13.842 -0.3256 1 1 17
 148 0 0.335033  28.3724  7.34798 -0.3256 1 1 17
 148 1 0.725986  29.4341  7.09201 0.6512 1 1 16
 148 2 1.11694  30.4958  6.83605 -0.3256 1 1 17
 149 0 22.6923  22.5831  35.6708 -0.3256 1 1 17
 149 1 22.6315  23.3566  34.8085 0.6512 1 1 16
 149 2 22.5707  24.1302  33.9463 -0.3256 1 1 17
 150 0 12.0361  13.7361  21.8695 -0.3256 1 1 17
 150 1 10.9644  13.9102  21.4611 0.6512 1 1 16
 150 2 9.89275  14.0842  21.0527 -0.3256 1 1 17
 151 0 12.0953  29.9756  33.4654 -0.3256 1 1 17
 151 1 10.9636  30.1603  33.641 0.6512 1 1 16
 151 2 9.83197  30.345  33.8166 -0.3256 1 1 17
 152 0 12.2345  15.2894  6.08661 -0.3256 1 1 17
 152 1 11.2971  15.8442  5.68784 0.6512 1 1 16
 152 2 10.3596  16.3989  5.28907 -0.3256 1 1 17
 153 0 4.85338  32.558  10.888 -0.3256 1 1 17
 153 1 5.28342  32.3095  9.83974 0.6512 1 1 16
 153 2 5.71346  32.061  8.79146 -0.3256 1 1 17
 154 0 1.01272  36.8761  20.874 -0.3256 1 1 17
 154 1 1.94873  36.8013  20.1929 0.6512 1 1 16
 154 2 2.88474  36.7265  19.5118 -0.3256 1 1 17
 155 0 23.0298  0.288654  3.47364 -0.3256 1 1 17
 155 1 23.5087  -0.307502  2.6014 0.6512 1 1 16
 155 2 23.9877  -0.903659  1.72916 -0.3256 1 1 17
 156 0 23.2159  7.2741  11.3691 -0.3256 1 1 17
 156 1 22.6013  8.08841  10.8172 0.6512 1 1 16
 156 2 21.9866  8.90273  10.2652 -0.3256 1 1 17
 157 0 28.2487  25.5309  37.4482 -0.3256 1 1 17
 157 1 28.7288  24.9998  38.3609 0.6512 1 1 16
 157 2 29.209  24.4687  39.2735 -0.3256 1 1 17
 158 0 3.66808  35.7118  5.06254 -0.3256 1 1 17
 158 1 3.38224  35.5347  6.17273 0.6512 1 1 16
 158 2 3.09641  35.3575  7.28292 -0.3256 1 1 17
 159 0 23.6129  25.2246  24.6301 -0.3256 1 1 17
 159 1 23.7271  24.1364  24.2449 0.6512 1 1 16
 159 2 23.8414  23.0482  23.8597 -0.3256 1 1 17
 160 0 16.105  26.7357  26.8845 -0.3256 1 1 17
 160 1 17.1012  27.3168  27.0094 0.6512 1 1 16
 160 2 18.0974  27.8979  27.1343 -0.3256 1 1 17
 161 0 37.8402  8.99034  24.7294 -0.3256 1 1 17
 161 1 37.8046  8.06917  25.4335 0.6512 1 1 16
 161 2 37.769  7.14801  26.1377 -0.3256 1 1 17
 162 0 20.1002  9.24415  31.4956 -0.3256 1 1 17
 162 1 19.4826  8.33501  31.1246 0.6512 1 1 16
 162 2 18.865  7.42586  30.7536 -0.3256 1 1 17
 163 0 30.6357  1.86927  19.2769 -0.3256 1 1 17
 163 1 30.3174  1.48305  20.3234 0.6512 1 1 16
 163 2 29.9991  1.09684  21.3699 -0.3256 1 1 17
 164 0 3.5456  19.8489  7.9378 -0.3256 1 1 17
 164 1 3.64117  19.4783  9.03285 0.6512 1 1 16
 164 2 3.73673  19.1077  10.1279 -0.3256 1 1 17
 165 0 30.1384  8.2647  30.0874 -0.3256 1 1 17
 165 1 30.8986  7.38957  30.1303 0.6512 1 1 16
 165 2 31.6588  6.51444  30.1733 -0.3256 1 1 17
 166 0 31.1022  10.1899  32.8623 -0.3256 1 1 17
 166 1 32.2482  10.2709  32.7021 0.6512 1 1 16
 166 2 33.3942  10.3518  32.5419 -0.3256 1 1 17
 167 0 8.6137  26.5496  38.6194 -0.3256 1 1 17
 167 1 8.7696  27.6508  38.2898 0.6512 1 1 16
 167 2 8.92551  28.752  37.9602 -0.3256 1 1 17
 168 0 26.9292  1.81537  15.1962 -0.3256 1 1 17
 168 1 26.4566  1.8967  16.2524 0.6512 1 1 16
 168 2 25.9839  1.97802  17.3086 -0.3256 1 1 17
 169 0 18.1281  34.9057  30.4389 -0.3256 1 1 17
 169 1 17.8682  34.4741  29.394 0.6512 1 1 16
 169 2 17.6083  34.0426  28.3491 -0.3256 1 1 17
 170 0 11.89  36.5255  1.48241 -0.3256 1 1 17
 170 1 11.9935  36.1563  2.57719 0.6512 1 1 16
 170 2 12.097  35.7871  3.67198 -0.3256 1 1 17
 171 0 3.07374  9.72727  32.5609 -0.3256 1 1 17
 171 1 2.01497  9.63585  33.0259 0.6512 1 1 16
 171 2 0.956195  9.54444  33.4909 -0.3256 1 1 17
 172 0 30.0095  20.6175  3.68303 -0.3256 1 1 17
 172 1 29.4953  20.8502  4.69645 0.6512 1 1 16
 172 2 28.9811  21.0829  5.70988 -0.3256 1 1 17
 173 0 35.7879  19.2941  34.6345 -0.3256 1 1 17
 173 1 35.0124  18.7961  35.3389 0.6512 1 1 16
 173 2 34.237  18.2981  36.0434 -0.3256 1 1 17
 174 0 25.9891  0.86607  0.408284 -0.3256 1 1 17
 174 1 26.8727  0.42221  1.01479 0.6512 1 1 16
 174 2 27.7563  -0.0216499  1.62131 -0.3256 1 1 17
 175 0 29.2045  30.9407  3.21944 -0.3256 1 1 17
 175 1 30.1561  30.2945  3.0698 0.6512 1 1 16
 175 2 31.1077  29.6483  2.92015 -0.3256 1 1 17
 176 0 6.48499  3.50334  25.548 -0.3256 1 1 17
 176 1 5.39061  3.88795  25.5449 0.6512 1 1 16
 176 2 4.29623  4.27256  25.5418 -0.3256 1 1 17
 177 0 16.4758  30.2627  10.8123 -0.3256 1 1 17
 177 1 15.3691  30.5398  10.6028 0.6512 1 1 16
 177 2 14.2623  30.8169  10.3933 -0.3256 1 1 17
 178 0 1.96769  28.6249  31.7422 -0.3256 1 1 17
 178 1 2.96369  29.2171  31.689 0.6512 1 1 16
 178 2 3.95969  29.8093  31.6358 -0.3256 1 1 17
 179 0 16.9154  27.117  1.49666 -0.3256 1 1 17
 179 1 17.9592  27.1965  0.996811 0.6512 1 1 16
 179 2 19.0029  27.2761  0.496963 -0.3256 1 1 17
 180 0 5.47192  6.26381  0.759962 -0.3256 1 1 17
 180 1 5.9205  7.31711  0.572995 0.6512 1 1 16
 180 2 6.36907  8.3704  0.386028 -0.3256 1 1 17
 181 0 1.68163  20.1454  28.2825 -0.3256 1 1 17
 181 1 0.693258  20.3779  28.8434 0.6512 1 1 16
 181 2 -0.295111  20.6105  29.4043 -0.3256 1 1 17
 182 0 4.18959  35.0986  12.9465 -0.3256 1 1 17
 182 1 4.63679  36.1519  13.1362 0.6512 1 1 16
 182 2 5.084  37.2053  13.326 -0.3256 1 1 17
 183 0 3.13417  6.87782  25.8823 -0.3256 1 1 17
 183 1 3.42535  7.99067  26.0319 0.6512 1 1 16
 183 2 3.71653  9.10352  26.1815 -0.3256 1 1 17
 184 0 10.2604  1.91531  3.65325 -0.3256 1 1 17
 184 1 10.3886  3.03254  3.36874 0.6512 1 1 16
 184 2 10.5168  4.14978  3.08423 -0.3256 1 1 17
 185 0 21.6574  32.7747  9.77506 -0.3256 1 1 17
 185 1 21.7025  31.6864  9.37617 0.6512 1 1 16
 185 2 21.7476  30.5981  8.97729 -0.3256 1 1 17
 186 0 10.8074  0.72107  20.5382 -0.3256 1 1 17
 186 1 10.1863  0.130321  21.3198 0.6512 1 1 16
 186 2 9.56527  -0.460428  22.1014 -0.3256 1 1 17
 187 0 10.1603  2.15338  33.997 -0.3256 1 1 17
 187 1 10.105  1.47338  33.0589 0.6512 1 1 16
 187 2 10.0497  0.793375  32.1207 -0.3256 1 1 17
 188 0 35.2902  11.0368  0.523856 -0.3256 1 1 17
 188 1 36.0305  11.328  -0.320383 0.6512 1 1 16
 188 2 36.7708  11.6192  -1.16462 -0.3256 1 1 17
 189 0 13.7235  11.2384  19.5956 -0.3256 1 1 17
 189 1 14.3088  12.0666  20.1586 0.6512 1 1 16
 189 2 14.894  12.8949  20.7217 -0.3256 1 1 17
 190 0 15.3914  30.4935  27.9073 -0.3256 1 1 17
 190 1 15.5429  31.3384  28.6876 0.6512 1 1 16
 190 2 15.6945  32.1832  29.4678 -0.3256 1 1 17
 191 0 25.1251  16.5932  9.36123 -0.3256 1 1 17
 191 1 24.8914  17.6533  8.95245 0.6512 1 1 16
 191 2 24.6576  18.7134  8.54366 -0.3256 1 1 17
 192 0 11.7623  29.5952  26.7655 -0.3256 1 1 17
 192 1 11.9481  28.6429  27.4013 0.6512 1 1 16
 192 2 12.134  27.6907  28.0371 -0.3256 1 1 17
 193 0 35.2372  33.9928  13.4529 -0.3256 1 1 17
 193 1 36.2697  34.4786  13.2441 0.6512 1 1 16
 193 2 37.3021  34.9644  13.0352 -0.3256 1 1 17
 194 0 28.4794  4.2374  1.13751 -0.3256 1 1 17
 194 1 28.5751  3.63975  0.147937 0.6512 1 1 16
 194 2 28.6708  3.0421  -0.841635 -0.3256 1 1 17
 195 0 16.03  11.1437  10.9159 -0.3256 1 1 17
 195 1 17.0586  10.6999  11.217 0.6512 1 1 16
 195 2 18.0872  10.2561  11.5182 -0.3256 1 1 17
 196 0 12.2725  20.933  18.728 -0.3256 1 1 17
 196 1 11.6383  20.6711  19.6633 0.6512 1 1 16
 196 2 11.0041  20.4092  20.5987 -0.3256 1 1 17
 197 0 9.32966  9.52461  27.1052 -0.3256 1 1 17
 197 1 9.7725  9.34881  26.0476 0.6512 1 1 16
 197 2 10.2154  9.17301  24.9899 -0.3256 1 1 17
 198 0 9.35523  23.4871  10.4718 -0.3256 1 1 17
 198 1 8.32377  23.969  10.6944 0.6512 1 1 16
 198 2 7.29231  24.4508  10.9169 -0.3256 1 1 17
 199 0 29.1589  34.6929  19.3113 -0.3256 1 1 17
 199 1 29.9484  35.4226  19.7471 0.6512 1 1 16
 199 2 30.7379  36.1522  20.183 -0.3256 1 1 17
 200 0 21.2392  13.1668  29.5266 -0.3256 1 1 17
 200 1 20.3575  13.1108  30.2782 0.6512 1 1 16
 200 2 19.4757  13.0547  31.0299 -0.3256 1 1 17
 201 0 4.66116  4.99814  15.1858 -0.3256 1 1 17
 201 1 5.39117  5.75222  14.6918 0.6512 1 1 16
 201 2 6.12118  6.50629  14.1978 -0.3256 1 1 17
 202 0 36.6198  20.8873  20.7362 -0.3256 1 1 17
 202 1 36.7624  20.3229  21.7395 0.6512 1 1 16
 202 2 36.905  19.7585  22.7429 -0.3256 1 1 17
 203 0 12.4874  20.1946  35.0708 -0.3256 1 1 17
 203 1 13.2986  21.0237  35.0605 0.6512 1 1 16
 203 2 14.1098  21.8528  35.0503 -0.3256 1 1 17
 204 0 16.0418  27.0409  11.1041 -0.3256 1 1 17
 204 1 17.019  26.8067  11.6834 0.6512 1 1 16
 204 2 17.9963  26.5725  12.2628 -0.3256 1 1 17
 205 0 31.8628  25.6171  37.2206 -0.3256 1 1 17
 205 1 32.7766  26.2324  36.8571 0.6512 1 1 16
 205 2 33.6903  26.8476  36.4936 -0.3256 1 1 17
 206 0 14.4738  11.7259  34.746 -0.3256 1 1 17
 206 1 14.4636  12.8856  34.7193 0.6512 1 1 16
 206 2 14.4534  14.0452  34.6926 -0.3256 1 1 17
 207 0 19.9147  13.1927  13.3061 -0.3256 1 1 17
 207 1 20.2162  13.2365  14.4253 0.6512 1 1 16
 207 2 20.5178  13.2804  15.5446 -0.3256 1 1 17
 208 0 0.0569979  2.28019  10.9769 -0.3256 1 1 17
 208 1 -0.313231  3.37627  11.0614 0.6512 1 1 16
 208 2 -0.683459  4.47235  11.1459 -0.3256 1 1 17
 209 0 22.3795  1.02254  38.0112 -0.3256 1 1 17
 209 1 21.5107  0.255061  37.9687 0.6512 1 1 16
 209 2 20.642  -0.512422  37.9262 -0.3256 1 1 17
 210 0 2.37759  30.5095  26.3014 -0.3256 1 1 17
 210 1 1.63576  31.3755  26.5142 0.6512 1 1 16
 210 2 0.893917  32.2415  26.727 -0.3256 1 1 17
 211 0 5.99894  32.5669  30.6318 -0.3256 1 1 17
 211 1 6.36493  31.5731  30.1585 0.6512 1 1 16
 211 2 6.73091  30.5792  29.6853 -0.3256 1 1 17
 212 0 12.4838  13.0089  14.4134 -0.3256 1 1 17
 212 1 13.2275  12.7472  15.2644 0.6512 1 1 16
 212 2 13.9711  12.4855  16.1153 -0.3256 1 1 17
 213 0 25.9656  31.5413  2.23687 -0.3256 1 1 17
 213 1 25.1175  31.5475  3.02828 0.6512 1 1 16
 213 2 24.2694  31.5537  3.81969 -0.3256 1 1 17
 214 0 1.87999  10.2639  23.5936 -0.3256 1 1 17
 214 1 1.46234  9.95457  22.5566 0.6512 1 1 16
 214 2 1.04469  9.64526  21.5195 -0.3256 1 1 17
 215 0 17.4256  25.2125  33.9495 -0.3256 1 1 17
 215 1 16.3607  24.8502  33.666 0.6512 1 1 16
 215 2 15.2958  24.488  33.3825 -0.3256 1 1 17
 216 0 29.9862  4.67383  5.33068 -0.3256 1 1 17
 216 1 29.9376  3.83124  4.5349 0.6512 1 1 16
 216 2 29.8891  2.98864  3.73911 -0.3256 1 1 17
 217 0 26.9927  23.5941  21.4786 -0.3256 1 1 17
 217 1 27.6356  22.6524  21.6917 0.6512 1 1 16
 217 2 28.2785  21.7107  21.9048 -0.3256 1 1 17
 218 0 14.8246  6.5603  6.43426 -0.3256 1 1 17
 218 1 15.7339  7.15464  6.84121 0.6512 1 1 16
 218 2 16.6432  7.74898  7.24817 -0.3256 1 1 17
 219 0 17.5698  37.1548  7.14648 -0.3256 1 1 17
 219 1 18.6614  36.8122  7.33787 0.6512 1 1 16
 219 2 19.753  36.4696  7.52926 -0.3256 1 1 17
 220 0 31.6609  13.4751  3.68899 -0.3256 1 1 17
 220 1 31.8059  13.9184  2.62691 0.6512 1 1 16
 220 2 31.9508  14.3618  1.56482 -0.3256 1 1 17
 221 0 37.8216  8.7094  30.0935 -0.3256 1 1 17
 221 1 36.9682  9.42017  30.4283 0.6512 1 1 16
 221 2 36.1147  10.1309  30.7631 -0.3256 1 1 17
 222 0 21.288  8.28338  23.5955 -0.3256 1 1 17
 222 1 20.5326  7.6078  23.031 0.6512 1 1 16
 222 2 19.7773  6.93221  22.4666 -0.3256 1 1 17
 223 0 11.0633  26.7291  1.96358 -0.3256 1 1 17
 223 1 12.0034  27.3877  1.79613 0.6512 1 1 16
 223 2 12.9435  28.0463  1.62868 -0.3256 1 1 17
 224 0 23.1054  25.9245  17.2483 -0.3256 1 1 17
 224 1 23.1462  25.9856  16.0906 0.6512 1 1 16
 224 2 23.187  26.0467  14.933 -0.3256 1 1 17
 225 0 11.2732  10.5623  3.86136 -0.3256 1 1 17
 225 1 11.27  11.7222  3.8504 0.6512 1 1 16
 225 2 11.2668  12.8821  3.83944 -0.3256 1 1 17
 226 0 14.1478  27.5939  18.3579 -0.3256 1 1 17
 226 1 13.5337  27.9836  19.2616 0.6512 1 1 16
 226 2 12.9196  28.3732  20.1653 -0.3256 1 1 17
 227 0 20.9137  19.7289  26.3295 -0.3256 1 1 17
 227 1 22.0423  19.958  26.1901 0.6512 1 1 16
 227 2 23.1708  20.1872  26.0506 -0.3256 1 1 17
 228 0 13.0904  5.76958  1.40643 -0.3256 1 1 17
 228 1 13.2573  4.72081  1.87314 0.6512 1 1 16
 228 2 13.4243  3.67205  2.33985 -0.3256 1 1 17
 229 0 34.6391  13.7063  8.32515 -0.3256 1 1 17
 229 1 35.0987  13.9101  7.27975 0.6512 1 1 16
 229 2 35.5583  14.1138  6.23435 -0.3256 1 1 17
 230 0 7.64786  29.8996  4.56132 -0.3256 1 1 17
 230 1 7.4049  31.0091  4.32597 0.6512 1 1 16
 230 2 7.16193  32.1187  4.09062 -0.3256 1 1 17
 231 0 3.63225  13.3996  30.5065 -0.3256 1 1 17
 231 1 3.87187  14.48  30.8541 0.6512 1 1 16
 231 2 4.11148  15.5605  31.2016 -0.3256 1 1 17
 232 0 31.502  12.4715  10.2826 -0.3256 1 1 17
 232 1 32.2378  12.1963  11.1361 0.6512 1 1 16
 232 2 32.9736  11.9212  11.9896 -0.3256 1 1 17
 233 0 18.3349  3.19487  11.0669 -0.3256 1 1 17
 233 1 18.3605  3.21714  12.2264 0.6512 1 1 16
 233 2 18.3861  3.2394  13.3859 -0.3256 1 1 17
 234 0 36.0523  17.4207  19.8326 -0.3256 1 1 17
 234 1 34.8939  17.4347  19.772 0.6512 1 1 16
 234 2 33.7356  17.4487  19.7115 -0.3256 1 1 17
 235 0 11.8614  25.1413  8.07772 -0.3256 1 1 17
 235 1 11.0126  25.1215  7.28736 0.6512 1 1 16
 235 2 10.1637  25.1017  6.49701 -0.3256 1 1 17
 236 0 25.59  30.4089  30.8159 -0.3256 1 1 17
 236 1 26.3299  31.2627  31.0789 0.6512 1 1 16
 236 2 27.0698  32.1166  31.3419 -0.3256 1 1 17
 237 0 36.4583  1.24984  33.1394 -0.3256 1 1 17
 237 1 37.1237  2.18475  33.309 0.6512 1 1 16
 237 2 37.7891  3.11965  33.4786 -0.3256 1 1 17
 238 0 11.8442  3.32758  38.1951 -0.3256 1 1 17
 238 1 11.3998  3.66954  37.1797 0.6512 1 1 16
 238 2 10.9555  4.0115  36.1642 -0.3256 1 1 17
 239 0 6.01062  14.5821  4.49854 -0.3256 1 1 17
 239 1 6.95747  14.1118  4.9759 0.6512 1 1 16
 239 2 7.90432  13.6415  5.45327 -0.3256 1 1 17
 240 0 17.2702  38.4176  35.9668 -0.3256 1 1 17
 240 1 17.4741  39.527  35.6961 0.6512 1 1 16
 240 2 17.6779  40.6364  35.4255 -0.3256 1 1 17
 241 0 9.49819  1.84724  7.23955 -0.3256 1 1 17
 241 1 8.93422  1.21506  8.03194 0.6512 1 1 16
 241 2 8.37026  0.582883  8.82433 -0.3256 1 1 17
 242 0 24.4588  22.3028  32.5114 -0.3256 1 1 17
 242 1 24.5438  23.3968  32.1351 0.6512 1 1 16
 242 2 24.6288  24.4907  31.7588 -0.3256 1 1 17
 243 0 30.5946  27.0362  4.45023 -0.3256 1 1 17
 243 1 29.6592  26.465  4.83033 0.6512 1 1 16
 243 2 28.7239  25.8938  5.21043 -0.3256 1 1 17
 244 0 37.0183  12.1203  10.185 -0.3256 1 1 17
 244 1 37.6532  12.6601  9.37804 0.6512 1 1 16
 244 2 38.2881  13.1998  8.57109 -0.3256 1 1 17
 245 0 24.7076  25.7106  19.8905 -0.3256 1 1 17
 245 1 25.328  26.2799  20.6884 0.6512 1 1 16
 245 2 25.9484  26.8491  21.4863 -0.3256 1 1 17
 246 0 27.1218  3.45709  21.1954 -0.3256 1 1 17
 246 1 27.9618  3.98565  21.7958 0.6512 1 1 16
 246 2 28.8019  4.5142  22.3963 -0.3256 1 1 17
 247 0 36.0912  6.9006  33.6442 -0.3256 1 1 17
 247 1 34.9368  6.85794  33.7498 0.6512 1 1 16
 247 2 33.7824  6.81528  33.8555 -0.3256 1 1 17
 248 0 11.77  0.940565  29.4249 -0.3256 1 1 17
 248 1 12.3342  -0.0305712  29.1349 0.6512 1 1 16
 248 2 12.8984  -1.00171  28.8448 -0.3256 1 1 17
 249 0 13.6207  36.6911  19.0901 -0.3256 1 1 17
 249 1 13.8033  36.9933  17.9852 0.6512 1 1 16
 249 2 13.9859  37.2954  16.8802 -0.3256 1 1 17
 250 0 25.3885  3.0759  24.4166 -0.3256 1 1 17
 250 1 26.3224  3.63939  24.8113 0.6512 1 1 16
 250 2 27.2564  4.20288  25.2059 -0.3256 1 1 17
 251 0 7.7669  4.91535  36.521 -0.3256 1 1 17
 251 1 7.92216  4.42492  35.4813 0.6512 1 1 16
 251 2 8.07742  3.93449  34.4416 -0.3256 1 1 17
 252 0 18.0038  30.274  29.8819 -0.3256 1 1 17
 252 1 18.8797  29.5138  29.859 0.6512 1 1 16
 252 2 19.7555  28.7535  29.8361 -0.3256 1 1 17
 253 0 27.504  6.15324  3.3171 -0.3256 1 1 17
 253 1 27.0855  7.00619  3.98266 0.6512 1 1 16
 253 2 26.667  7.85913  4.64822 -0.3256 1 1 17
 254 0 20.7646  16.5479  25.1097 -0.3256 1 1 17
 254 1 21.8205  16.0731  25.1821 0.6512 1 1 16
 254 2 22.8764  15.5983  25.2545 -0.3256 1 1 17
 255 0 35.0928  29.4601  14.1116 -0.3256 1 1 17
 255 1 36.1056  28.8962  14.0702 0.6512 1 1 16
 255 2 37.1185  28.3322  14.0288 -0.3256 1 1 17
 256 0 7.96599  17.3354  8.63298 -0.3256 1 1 17
 256 1 6.85691  16.9964  8.60869 0.6512 1 1 16
 256 2 5.74783  16.6574  8.58441 -0.3256 1 1 17
 257 0 4.54113  28.9287  34.7475 -0.3256 1 1 17
 257 1 4.27485  27.8009  34.6932 0.6512 1 1 16
 257 2 4.00856  26.6732  34.639 -0.3256 1 1 17
 258 0 33.4352  27.7458  19.3202 -0.3256 1 1 17
 258 1 33.9417  27.8205  20.3611 0.6512 1 1 16
 258 2 34.4483  27.8953  21.402 -0.3256 1 1 17
 259 0 10.3162  4.83929  31.3418 -0.3256 1 1 17
 259 1 9.6601  4.52232  30.4392 0.6512 1 1 16
 259 2 9.004  4.20534  29.5366 -0.3256 1 1 17
 260 0 13.9138  0.774007  19.8156 -0.3256 1 1 17
 260 1 14.8949  0.575383  20.4017 0.6512 1 1 16
 260 2 15.876  0.376759  20.9879 -0.3256 1 1 17
 261 0 38.6191  4.84586  15.9547 -0.3256 1 1 17
 261 1 38.7846  3.96334  16.6891 0.6512 1 1 16
 261 2 38.9501  3.08081  17.4235 -0.3256 1 1 17
 262 0 28.2161  27.9561  13.1249 -0.3256 1 1 17
 262 1 28.6881  28.6448  12.3197 0.6512 1 1 16
 262 2 29.1602  29.3336  11.5145 -0.3256 1 1 17
 263 0 10.4209  34.7266  9.93422 -0.3256 1 1 17
 263 1 10.934  33.7186  9.67651 0.6512 1 1 16
 263 2 11.447  32.7106  9.4188 -0.3256 1 1 17
 264 0 0.306026  24.9263  1.59459 -0.3256 1 1 17
 264 1 1.45812  24.9657  1.72393 0.6512 1 1 16
 264 2 2.61021  25.005  1.85326 -0.3256 1 1 17
 265 0 17.037  23.5954  2.78656 -0.3256 1 1 17
 265 1 16.5767  23.6323  1.72243 0.6512 1 1 16
 265 2 16.1164  23.6692  0.658301 -0.3256 1 1 17
 266 0 25.769  21.5876  35.545 -0.3256 1 1 17
 266 1 25.9201  20.4564  35.7531 0.6512 1 1 16
 266 2 26.0711  19.3253  35.9612 -0.3256 1 1 17
 267 0 14.6952  8.57274  32.9872 -0.3256 1 1 17
 267 1 15.6131  9.20423  32.6644 0.6512 1 1 16
 267 2 16.531  9.83571  32.3416 -0.3256 1 1 17
 268 0 31.8047  33.1133  7.02249 -0.3256 1 1 17
 268 1 32.7569  33.3525  7.64035 0.6512 1 1 16
 268 2 33.709  33.5917  8.25821 -0.3256 1 1 17
 269 0 17.6161  21.9343  31.2935 -0.3256 1 1 17
 269 1 17.1479  21.735  32.3359 0.6512 1 1 16
 269 2 16.6796  21.5357  33.3783 -0.3256 1 1 17
 270 0 14.8689  33.221  16.6891 -0.3256 1 1 17
 270 1 14.7646  32.3866  17.4881 0.6512 1 1 16
 270 2 14.6603  31.5521  18.2872 -0.3256 1 1 17
 271 0 12.4886  10.2492  8.67412 -0.3256 1 1 17
 271 1 12.1263  10.6849  7.66192 0.6512 1 1 16
 271 2 11.764  11.1205  6.64973 -0.3256 1 1 17
 272 0 29.9126  13.3704  32.4256 -0.3256 1 1 17
 272 1 29.8131  13.1493  31.2912 0.6512 1 1 16
 272 2 29.7136  12.9283  30.1568 -0.3256 1 1 17
 273 0 4.66416  18.0082  23.9646 -0.3256 1 1 17
 273 1 5.16108  17.8993  22.9221 0.6512 1 1 16
 273 2 5.658  17.7904  21.8796 -0.3256 1 1 17
 274 0 5.88183  26.689  15.1901 -0.3256 1 1 17
 274 1 5.6924  26.1212  14.1964 0.6512 1 1 16
 274 2 5.50297  25.5535  13.2028 -0.3256 1 1 17
 275 0 3.66276  31.3778  28.6712 -0.3256 1 1 17
 275 1 4.06033  32.0711  27.8305 0.6512 1 1 16
 275 2 4.45791  32.7644  26.9897 -0.3256 1 1 17
 276 0 0.894816  31.9883  16.2479 -0.3256 1 1 17
 276 1 1.43641  32.7151  15.524 0.6512 1 1 16
 276 2 1.97801  33.4418  14.8001 -0.3256 1 1 17
 277 0 17.2624  6.1358  2.39614 -0.3256 1 1 17
 277 1 17.2975  6.39973  3.52516 0.6512 1 1 16
 277 2 17.3327  6.66366  4.65419 -0.3256 1 1 17
 278 0 9.96105  31.2176  12.5713 -0.3256 1 1 17
 278 1 9.39608  30.5505  13.3338 0.6512 1 1 16
 278 2 8.83111  29.8833  14.0962 -0.3256 1 1 17
 279 0 10.2139  31.5847  21.25 -0.3256 1 1 17
 279 1 10.0322  31.8281  22.3696 0.6512 1 1 16
 279 2 9.85061  32.0714  23.4891 -0.3256 1 1 17
 280 0 21.4575  36.4855  15.8112 -0.3256 1 1 17
 280 1 22.2746  36.0062  15.1416 0.6512 1 1 16
 280 2 23.0917  35.527  14.4721 -0.3256 1 1 17
 281 0 17.1365  10.7722  29.7458 -0.3256 1 1 17
 281 1 17.6739  11.3844  28.92 0.6512 1 1 16
 281 2 18.2113  11.9967  28.0942 -0.3256 1 1 17
 282 0 18.5635  32.9397  10.5823 -0.3256 1 1 17
 282 1 18.9011  33.9526  11.0359 0.6512 1 1 16
 282 2 19.2386  34.9655  11.4895 -0.3256 1 1 17
 283 0 5.88545  13.4042  28.1872 -0.3256 1 1 17
 283 1 6.07455  14.4451  28.6632 0.6512 1 1 16
 283 2 6.26365  15.4859  29.1391 -0.3256 1 1 17
 284 0 31.2867  36.7236  17.1618 -0.3256 1 1 17
 284 1 32.0888  37.1241  16.4257 0.6512 1 1 16
 284 2 32.8908  37.5247  15.6896 -0.3256 1 1 17
 285 0 23.9227  24.8375  11.0306 -0.3256 1 1 17
 285 1 23.5824  25.8548  10.5892 0.6512 1 1 16
 285 2 23.2421  26.8721  10.1478 -0.3256 1 1 17
 286 0 17.5739  -0.674592  3.5478 -0.3256 1 1 17
 286 1 18.187  -0.302323  2.63617 0.6512 1 1 16
 286 2 18.8002  0.0699451  1.72454 -0.3256 1 1 17
 287 0 6.42023  0.189884  28.5378 -0.3256 1 1 17
 287 1 6.45105  1.16566  29.1643 0.6512 1 1 16
 287 2 6.48188  2.14144  29.7908 -0.3256 1 1 17
 288 0 23.9654  8.33405  36.5472 -0.3256 1 1 17
 288 1 24.3899  7.38664  36.0297 0.6512 1 1 16
 288 2 24.8144  6.43924  35.5122 -0.3256 1 1 17
 289 0 1.92637  13.6016  33.2577 -0.3256 1 1 17
 289 1 3.06718  13.7027  33.4418 0.6512 1 1 16
 289 2 4.208  13.8038  33.626 -0.3256 1 1 17
 290 0 31.6808  31.8823  1.13224 -0.3256 1 1 17
 290 1 32.5585  32.2793  0.48585 0.6512 1 1 16
 290 2 33.4361  32.6762  -0.160538 -0.3256 1 1 17
 291 0 2.56127  6.9191  13.8071 -0.3256 1 1 17
 291 1 2.43714  5.83095  13.4248 0.6512 1 1 16
 291 2 2.313  4.74281  13.0426 -0.3256 1 1 17
 292 0 20.4861  6.29212  4.3384 -0.3256 1 1 17
 292 1 20.6082  7.13546  5.12547 0.6512 1 1 16
 292 2 20.7303  7.97879  5.91254 -0.3256 1 1 17
 293 0 18.0682  13.0071  20.0719 -0.3256 1 1 17
 293 1 18.9721  12.2809  20.1056 0.6512 1 1 16
 293 2 19.876  11.5547  20.1394 -0.3256 1 1 17
 294 0 38.0168  27.7153  29.2436 -0.3256 1 1 17
 294 1 36.9828  27.2105  29.0964 0.6512 1 1 16
 294 2 35.9488  26.7058  28.9492 -0.3256 1 1 17
 295 0 9.80114  34.2282  27.0835 -0.3256 1 1 17
 295 1 10.8122  33.83  26.6776 0.6512 1 1 16
 295 2 11.8232  33.4317  26.2717 -0.3256 1 1 17
 296 0 31.7246  9.11804  11.8716 -0.3256 1 1 17
 296 1 31.2801  8.29058  12.5523 0.6512 1 1 16
 296 2 30.8356  7.46311  13.2329 -0.3256 1 1 17
 297 0 6.11069  26.9022  36.9689 -0.3256 1 1 17
 297 1 5.14718  27.3557  37.4289 0.6512 1 1 16
 297 2 4.18367  27.8092  37.8889 -0.3256 1 1 17
 298 0 29.4214  24.5203  27.8328 -0.3256 1 1 17
 298 1 28.3139  24.211  27.6795 0.6512 1 1 16
 298 2 27.2065  23.9017  27.5261 -0.3256 1 1 17
 299 0 20.573  10.0652  28.165 -0.3256 1 1 17
 299 1 20.98  8.99902  28.373 0.6512 1 1 16
 299 2 21.3869  7.93285  28.581 -0.3256 1 1 17
 300 0 22.0188  3.86355  36.3367 -0.3256 1 1 17
 300 1 21.5803  3.14909  35.5349 0.6512 1 1 16
 300 2 21.1418  2.43464  34.7332 -0.3256 1 1 17
 301 0 6.28614  8.39427  11.0782 -0.3256 1 1 17
 301 1 6.63978  7.77075  10.1662 0.6512 1 1 16
 301 2 6.99343  7.14724  9.25418 -0.3256 1 1 17
 302 0 27.1543  33.9443  5.96702 -0.3256 1 1 17
 302 1 27.6629  32.9038  5.90097 0.6512 1 1 16
 302 2 28.1715  31.8634  5.83492 -0.3256 1 1 17
 303 0 37.6808  18.1549  27.0452 -0.3256 1 1 17
 303 1 38.3293  17.9691  26.1015 0.6512 1 1 16
 303 2 38.9778  17.7833  25.1579 -0.3256 1 1 17
 304 0 29.8151  0.591247  15.8521 -0.3256 1 1 17
 304 1 29.0179  0.204852  16.601 0.6512 1 1 16
 304 2 28.2207  -0.181544  17.3498 -0.3256 1 1 17
 305 0 6.13143  23.5784  7.56659 -0.3256 1 1 17
 305 1 6.16081  22.7748  8.40263 0.6512 1 1 16
 305 2 6.1902  21.9712  9.23867 -0.3256 1 1 17
 306 0 26.1985  34.1889  1.33269 -0.3256 1 1 17
 306 1 27.2408  33.7454  1.08273 0.6512 1 1 16
 306 2 28.2832  33.302  0.832757 -0.3256 1 1 17
 307 0 31.9535  20.9973  37.008 -0.3256 1 1 17
 307 1 31.7994  20.5757  38.0776 0.6512 1 1 16
 307 2 31.6453  20.154  39.1472 -0.3256 1 1 17
 308 0 1.58283  9.21252  16.4873 -0.3256 1 1 17
 308 1 0.538294  9.48359  16.0617 0.6512 1 1 16
 308 2 -0.50624  9.75465  15.6362 -0.3256 1 1 17
 309 0 21.8859  7.14763  35.2388 -0.3256 1 1 17
 309 1 21.0542  7.18786  34.4311 0.6512 1 1 16
 309 2 20.2225  7.22808  33.6234 -0.3256 1 1 17
 310 0 28.4526  16.7931  28.6441 -0.3256 1 1 17
 310 1 28.2692  15.6603  28.4748 0.6512 1 1 16
 310 2 28.0858  14.5274  28.3055 -0.3256 1 1 17
 311 0 37.8902  0.842336  36.226 -0.3256 1 1 17
 311 1 37.5789  -0.0949693  35.6177 0.6512 1 1 16
 311 2 37.2675  -1.03227  35.0093 -0.3256 1 1 17
 312 0 15.6924  2.07617  26.2867 -0.3256 1 1 17
 312 1 14.86  1.29383  26.0849 0.6512 1 1 16
 312 2 14.0276  0.511493  25.8831 -0.3256 1 1 17
 313 0 34.4079  19.7964  14.9486 -0.3256 1 1 17
 313 1 34.5173  20.4132  15.925 0.6512 1 1 16
 313 2 34.6267  21.0299  16.9013 -0.3256 1 1 17
 314 0 6.82584  29.1004  40.1401 -0.3256 1 1 17
 314 1 6.15093  28.1692  40.2912 0.6512 1 1 16
 314 2 5.47602  27.2379  40.4423 -0.3256 1 1 17
 315 0 20.2124  4.30251  9.14733 -0.3256 1 1 17
 315 1 19.6193  5.02092  8.45615 0.6512 1 1 16
 315 2 19.0262  5.73933  7.76497 -0.3256 1 1 17
 316 0 0.576967  25.6827  32.4979 -0.3256 1 1 17
 316 1 1.19841  25.2004  31.6454 0.6512 1 1 16
 316 2 1.81986  24.7182  30.7928 -0.3256 1 1 17
 317 0 14.067  23.6841  27.4868 -0.3256 1 1 17
 317 1 15.0298  23.4133  28.0744 0.6512 1 1 16
 317 2 15.9926  23.1425  28.662 -0.3256 1 1 17
 318 0 27.6499  1.4691  5.32246 -0.3256 1 1 17
 318 1 26.976  1.62983  4.39204 0.6512 1 1 16
 318 2 26.3021  1.79056  3.46163 -0.3256 1 1 17
 319 0 36.7228  20.9061  1.51694 -0.3256 1 1 17
 319 1 36.9368  21.6237  0.631024 0.6512 1 1 16
 319 2 37.1507  22.3414  -0.254888 -0.3256 1 1 17
 320 0 34.0986  38.1454  25.2842 -0.3256 1 1 17
 320 1 34.758  38.6614  26.087 0.6512 1 1 16
 320 2 35.4174  39.1773  26.8899 -0.3256 1 1 17
 321 0 17.8755  18.9255  20.0429 -0.3256 1 1 17
 321 1 17.8921  17.9249  20.6295 0.6512 1 1 16
 321 2 17.9088  16.9244  21.2162 -0.3256 1 1 17
 322 0 37.4439  36.2373  24.7927 -0.3256 1 1 17
 322 1 38.0398  36.2779  25.7872 0.6512 1 1 16
 322 2 38.6356  36.3185  26.7816 -0.3256 1 1 17
 323 0 8.73187  25.5139  3.60874 -0.3256 1 1 17
 323 1 8.97572  24.8394  2.69702 0.6512 1 1 16
 323 2 9.21956  24.1649  1.78531 -0.3256 1 1 17
 324 0 37.044  17.6461  7.9554 -0.3256 1 1 17
 324 1 37.6861  17.302  8.85814 0.6512 1 1 16
 324 2 38.3281  16.9579  9.76087 -0.3256 1 1 17
 325 0 25.2978  10.2239  21.4016 -0.3256 1 1 17
 325 1 24.6704  10.4292  20.4477 0.6512 1 1 16
 325 2 24.0431  10.6344  19.4938 -0.3256 1 1 17
 326 0 13.0627  25.7618  22.0133 -0.3256 1 1 17
 326 1 13.9067  25.3833  21.3133 0.6512 1 1 16
 326 2 14.7506  25.0048  20.6132 -0.3256 1 1 17
 327 0 30.5869  36.4813  29.7689 -0.3256 1 1 17
 327 1 30.6088  37.1653  30.7056 0.6512 1 1 16
 327 2 30.6306  37.8492  31.6423 -0.3256 1 1 17
 328 0 0.572146  10.1458  5.95139 -0.3256 1 1 17
 328 1 1.66322  9.96289  5.60253 0.6512 1 1 16
 328 2 2.75428  9.77995  5.25367 -0.3256 1 1 17
 329 0 31.7813  5.82256  23.9331 -0.3256 1 1 17
 329 1 32.3546  5.21577  23.1277 0.6512 1 1 16
 329 2 32.9278  4.60898  22.3222 -0.3256 1 1 17
 330 0 7.09279  29.4407  7.80675 -0.3256 1 1 17
 330 1 7.76227  29.6599  8.72837 0.6512 1 1 16
 330 2 8.43176  29.879  9.64999 -0.3256 1 1 17
 331 0 27.3423  33.539  28.663 -0.3256 1 1 17
 331 1 27.7739  34.1996  29.5132 0.6512 1 1 16
 331 2 28.2055  34.8602  30.3635 -0.3256 1 1 17
 332 0 29.7765  14.4859  37.1542 -0.3256 1 1 17
 332 1 28.983  14.8747  37.9056 0.6512 1 1 16
 332 2 28.1894  15.2636  38.657 -0.3256 1 1 17
 333 0 6.30512  24.9218  17.2918 -0.3256 1 1 17
 333 1 7.09449  25.75  17.4829 0.6512 1 1 16
 333 2 7.88387  26.5782  17.674 -0.3256 1 1 17
 334 0 27.6427  24.8167  12.3813 -0.3256 1 1 17
 334 1 27.4044  25.2194  11.3199 0.6512 1 1 16
 334 2 27.166  25.622  10.2585 -0.3256 1 1 17
 335 0 14.0212  10.649  29.8083 -0.3256 1 1 17
 335 1 14.3709  11.7198  29.5316 0.6512 1 1 16
 335 2 14.7206  12.7907  29.2548 -0.3256 1 1 17
 336 0 9.7159  7.06987  38.1929 -0.3256 1 1 17
 336 1 10.474  7.85588  37.8016 0.6512 1 1 16
 336 2 11.232  8.64189  37.4103 -0.3256 1 1 17
 337 0 35.9533  7.21318  2.69605 -0.3256 1 1 17
 337 1 37.0363  7.27911  3.10639 0.6512 1 1 16
 337 2 38.1192  7.34505  3.51673 -0.3256 1 1 17
 338 0 29.9198  17.3294  10.747 -0.3256 1 1 17
 338 1 29.2017  17.8571  10.0044 0.6512 1 1 16
 338 2 28.4836  18.3847  9.26175 -0.3256 1 1 17
 339 0 5.43511  0.465041  16.2297 -0.3256 1 1 17
 339 1 5.75563  0.869774  15.1909 0.6512 1 1 16
 339 2 6.07615  1.27451  14.1521 -0.3256 1 1 17
 340 0 22.9406  12.3692  8.72642 -0.3256 1 1 17
 340 1 22.5804  11.6225  7.9151 0.6512 1 1 16
 340 2 22.2202  10.8757  7.10378 -0.3256 1 1 17
 341 0 17.2631  28.6118  34.3812 -0.3256 1 1 17
 341 1 18.3814  28.6322  34.0739 0.6512 1 1 16
 341 2 19.4998  28.6526  33.7665 -0.3256 1 1 17
 342 0 4.69869  22.1484  32.2503 -0.3256 1 1 17
 342 1 5.69881  21.5642  32.1865 0.6512 1 1 16
 342 2 6.69892  20.98  32.1227 -0.3256 1 1 17
 343 0 1.47569  0.422259  23.5798 -0.3256 1 1 17
 343 1 0.803601  1.10821  24.2305 0.6512 1 1 16
 343 2 0.131516  1.79415  24.8811 -0.3256 1 1 17
 344 0 12.5566  19.9041  10.7641 -0.3256 1 1 17
 344 1 13.5901  20.2321  11.1762 0.6512 1 1 16
 344 2 14.6237  20.5601  11.5882 -0.3256 1 1 17
 345 0 17.1338  37.5344  18.0872 -0.3256 1 1 17
 345 1 17.7347  36.9169  17.3106 0.6512 1 1 16
 345 2 18.3356  36.2995  16.5339 -0.3256 1 1 17
 346 0 30.0694  4.33694  35.6767 -0.3256 1 1 17
 346 1 30.7608  4.67946  36.5429 0.6512 1 1 16
 346 2 31.4522  5.02197  37.409 -0.3256 1 1 17
 347 0 36.8165  18.3559  16.7806 -0.3256 1 1 17
 347 1 37.8479  18.6159  16.318 0.6512 1 1 16
 347 2 38.8794  18.8759  15.8554 -0.3256 1 1 17
 348 0 27.3521  26.07  33.374 -0.3256 1 1 17
 348 1 27.6289  26.5274  32.3445 0.6512 1 1 16
 348 2 27.9056  26.9849  31.3151 -0.3256 1 1 17
 349 0 30.2667  3.79043  28.6018 -0.3256 1 1 17
 349 1 29.9997  4.86262  28.2486 0.6512 1 1 16
 349 2 29.7328  5.93482  27.8955 -0.3256 1 1 17
 350 0 29.7503  17.2286  2.32179 -0.3256 1 1 17
 350 1 29.523  17.4784  3.43153 0.6512 1 1 16
 350 2 29.2956  17.7282  4.54126 -0.3256 1 1 17
 351 0 30.8218  15.4314  27.884 -0.3256 1 1 17
 351 1 31.3511  14.4156  27.7006 0.6512 1 1 16
 351 2 31.8804  13.3999  27.5172 -0.3256 1 1 17
 352 0 23.643  18.7677  14.5849 -0.3256 1 1 17
 352 1 23.6348  19.9222  14.4725 0.6512 1 1 16
 352 2 23.6266  21.0768  14.3601 -0.3256 1 1 17
 353 0 6.30305  12.0108  2.41412 -0.3256 1 1 17
 353 1 6.89402  11.2012  2.99805 0.6512 1 1 16
 353 2 7.48499  10.3917  3.58198 -0.3256 1 1 17
 354 0 19.6417  16.1207  30.2475 -0.3256 1 1 17
 354 1 20.4021  16.9161  30.6147 0.6512 1 1 16
 354 2 21.1625  17.7114  30.9819 -0.3256 1 1 17
 355 0 21.9244  17.6869  5.45942 -0.3256 1 1 17
 355 1 21.713  17.6545  4.31932 0.6512 1 1 16
 355 2 21.5015  17.6221  3.17922 -0.3256 1 1 17
 356 0 10.8206  11.4643  0.251845 -0.3256 1 1 17
 356 1 9.96127  10.6946  0.373492 0.6512 1 1 16
 356 2 9.10194  9.925  0.495138 -0.3256 1 1 17
 357 0 22.0966  33.3879  33.2463 -0.3256 1 1 17
 357 1 21.95  32.2588  33.0248 0.6512 1 1 16
 357 2 21.8033  31.1296  32.8032 -0.3256 1 1 17
 358 0 20.4631  15.3197  1.70089 -0.3256 1 1 17
 358 1 20.5664  14.8174  2.74137 0.6512 1 1 16
 358 2 20.6697  14.315  3.78185 -0.3256 1 1 17
 359 0 16.6208  2.64264  3.90474 -0.3256 1 1 17
 359 1 16.3047  1.82798  4.66765 0.6512 1 1 16
 359 2 15.9887  1.01332  5.43056 -0.3256 1 1 17
 360 0 34.526  7.4036  22.4967 -0.3256 1 1 17
 360 1 33.972  8.19832  23.1347 0.6512 1 1 16
 360 2 33.418  8.99304  23.7728 -0.3256 1 1 17
 361 0 11.2183  17.1474  36.6138 -0.3256 1 1 17
 361 1 10.0927  17.4025  36.7299 0.6512 1 1 16
 361 2 8.96706  17.6575  36.846 -0.3256 1 1 17
 362 0 19.7411  24.6644  8.89799 -0.3256 1 1 17
 362 1 20.1104  25.0044  9.94377 0.6512 1 1 16
 362 2 20.4796  25.3444  10.9895 -0.3256 1 1 17
 363 0 14.3647  25.9146  4.92572 -0.3256 1 1 17
 363 1 15.5114  25.772  5.0274 0.6512 1 1 16
 363 2 16.6582  25.6294  5.12907 -0.3256 1 1 17
 364 0 35.3786  2.76101  12.3498 -0.3256 1 1 17
 364 1 36.1677  2.41807  13.1278 0.6512 1 1 16
 364 2 36.9568  2.07513  13.9059 -0.3256 1 1 17
 365 0 36.9791  27.5081  1.81261 -0.3256 1 1 17
 365 1 37.1886  27.8279  2.9078 0.6512 1 1 16
 365 2 37.3981  28.1477  4.00299 -0.3256 1 1 17
 366 0 4.94801  33.4926  16.7743 -0.3256 1 1 17
 366 1 6.01736  33.0488  16.7026 0.6512 1 1 16
 366 2 7.0867  32.6051  16.6309 -0.3256 1 1 17
 367 0 2.15475  10.556  28.2451 -0.3256 1 1 17
 367 1 2.35054  11.6407  27.8835 0.6512 1 1 16
 367 2 2.54632  12.7254  27.5219 -0.3256 1 1 17
 368 0 26.1449  22.4282  11.4717 -0.3256 1 1 17
 368 1 25.5764  21.4171  11.4592 0.6512 1 1 16
 368 2 25.0079  20.406  11.4468 -0.3256 1 1 17
 369 0 1.77721  22.7014  34.0881 -0.3256 1 1 17
 369 1 2.06805  22.8422  35.2022 0.6512 1 1 16
 369 2 2.35889  22.9829  36.3163 -0.3256 1 1 17
 370 0 35.1696  14.7374  14.7973 -0.3256 1 1 17
 370 1 34.023  14.8929  14.8793 0.6512 1 1 16
 370 2 32.8764  15.0485  14.9613 -0.3256 1 1 17
 371 0 16.528  38.4512  12.4899 -0.3256 1 1 17
 371 1 17.3647  38.5211  13.2903 0.6512 1 1 16
 371 2 18.2014  38.5911  14.0908 -0.3256 1 1 17
 372 0 21.564  33.8778  36.8386 -0.3256 1 1 17
 372 1 22.1901  34.6624  37.4199 0.6512 1 1 16
 372 2 22.8162  35.4471  38.0012 -0.3256 1 1 17
 373 0 5.38048  32.2685  20.2719 -0.3256 1 1 17
 373 1 5.12599  33.3862  20.4499 0.6512 1 1 16
 373 2 4.8715  34.5038  20.6279 -0.3256 1 1 17
 374 0 28.8366  3.48304  14.1201 -0.3256 1 1 17
 374 1 29.1623  3.37083  13.0124 0.6512 1 1 16
 374 2 29.4881  3.25862  11.9048 -0.3256 1 1 17
 375 0 8.98765  32.1484  0.738161 -0.3256 1 1 17
 375 1 9.91879  31.5053  0.483247 0.6512 1 1 16
 375 2 10.8499  30.8621  0.228332 -0.3256 1 1 17
 376 0 11.8781  36.5198  24.7637 -0.3256 1 1 17
 376 1 12.6205  36.7685  23.9078 0.6512 1 1 16
 376 2 13.3628  37.0171  23.0518 -0.3256 1 1 17
 377 0 24.825  7.21756  32.5991 -0.3256 1 1 17
 377 1 25.1979  6.20184  32.1809 0.6512 1 1 16
 377 2 25.5709  5.18612  31.7628 -0.3256 1 1 17
 378 0 22.2186  16.7134  8.86246 -0.3256 1 1 17
 378 1 21.2386  16.8529  8.25771 0.6512 1 1 16
 378 2 20.2586  16.9924  7.65296 -0.3256 1 1 17
 379 0 3.71059  25.6923  22.5304 -0.3256 1 1 17
 379 1 3.98246  24.6975  23.0616 0.6512 1 1 16
 379 2 4.25433  23.7028  23.5927 -0.3256 1 1 17
 380 0 8.54172  9.35902  16.9972 -0.3256 1 1 17
 380 1 8.32421  10.3206  17.6085 0.6512 1 1 16
 380 2 8.10669  11.2821  18.2198 -0.3256 1 1 17
 381 0 11.7079  1.96127  24.1281 -0.3256 1 1 17
 381 1 10.8807  2.6163  23.6462 0.6512 1 1 16
 381 2 10.0534  3.27133  23.1643 -0.3256 1 1 17
 382 0 36.7043  33.459  9.73749 -0.3256 1 1 17
 382 1 36.7706  32.5378  10.4393 0.6512 1 1 16
 382 2 36.837  31.6166  11.1412 -0.3256 1 1 17
 383 0 37.9333  26.7009  17.6785 -0.3256 1 1 17
 383 1 38.9286  27.2417  17.4281 0.6512 1 1 16
 383 2 39.9238  27.7825  17.1778 -0.3256 1 1 17
 384 0 15.3306  17.6134  5.84149 -0.3256 1 1 17
 384 1 15.7768  18.6459  5.55791 0.6512 1 1 16
 384 2 16.223  19.6784  5.27432 -0.3256 1 1 17
 385 0 10.5566  13.243  32.9734 -0.3256 1 1 17
 385 1 9.61573  12.9416  32.3654 0.6512 1 1 16
 385 2 8.67489  12.6402  31.7575 -0.3256 1 1 17
 386 0 34.9605  31.8208  22.0609 -0.3256 1 1 17
 386 1 35.9137  31.3594  22.5342 0.6512 1 1 16
 386 2 36.8669  30.8979  23.0075 -0.3256 1 1 17
 387 0 8.62074  15.3746  15.1136 -0.3256 1 1 17
 387 1 8.10002  14.3786  14.8263 0.6512 1 1 16
 387 2 7.57931  13.3827  14.5391 -0.3256 1 1 17
 388 0 5.77755  24.0892  1.70072 -0.3256 1 1 17
 388 1 6.37457  23.159  2.05276 0.6512 1 1 16
 388 2 6.9716  22.2289  2.40481 -0.3256 1 1 17
 389 0 8.47803  21.0841  18.5348 -0.3256 1 1 17
 389 1 8.73289  20.5897  17.5168 0.6512 1 1 16
 389 2 8.98775  20.0954  16.4988 -0.3256 1 1 17
 390 0 14.0852  7.48112  36.7653 -0.3256 1 1 17
 390 1 14.5484  6.49986  37.1753 0.6512 1 1 16
 390 2 15.0117  5.51859  37.5853 -0.3256 1 1 17
 391 0 24.9239  6.90628  19.4416 -0.3256 1 1 17
 391 1 25.9716  6.84764  19.9359 0.6512 1 1 16
 391 2 27.0194  6.78901  20.4301 -0.3256 1 1 17
 392 0 10.9127  22.152  27.1448 -0.3256 1 1 17
 392 1 11.6891  21.4042  27.5733 0.6512 1 1 16
 392 2 12.4654  20.6564  28.0018 -0.3256 1 1 17
 393 0 26.5759  8.5371  28.1177 -0.3256 1 1 17
 393 1 26.424  7.44246  27.7652 0.6512 1 1 16
 393 2 26.2721  6.34782  27.4126 -0.3256 1 1 17
 394 0 8.53108  21.6587  38.0272 -0.3256 1 1 17
 394 1 9.5022  21.5752  37.3983 0.6512 1 1 16
 394 2 10.4733  21.4917  36.7693 -0.3256 1 1 17
 395 0 25.255  9.16739  6.81241 -0.3256 1 1 17
 395 1 24.3015  8.61327  7.17213 0.6512 1 1 16
 395 2 23.348  8.05915  7.53184 -0.3256 1 1 17
 396 0 28.3949  2.56802  34.7731 -0.3256 1 1 17
 396 1 27.9979  3.19317  33.8803 0.6512 1 1 16
 396 2 27.6008  3.81833  32.9874 -0.3256 1 1 17
 397 0 20.9559  20.7963  4.25603 -0.3256 1 1 17
 397 1 21.6524  20.8464  5.18228 0.6512 1 1 16
 397 2 22.349  20.8965  6.10853 -0.3256 1 1 17
 398 0 23.7807  15.2515  11.6678 -0.3256 1 1 17
 398 1 23.2317  16.2684  11.5684 0.6512 1 1 16
 398 2 22.6826  17.2854  11.4691 -0.3256 1 1 17
 399 0 28.8531  21.9081  34.4674 -0.3256 1 1 17
 399 1 28.2648  20.9897  34.0724 0.6512 1 1 16
 399 2 27.6765  20.0712  33.6775 -0.3256 1 1 17
 400 0 12.5854  0.964087  5.29363 -0.3256 1 1 17
 400 1 13.0925  0.460045  6.20706 0.6512 1 1 16
 400 2 13.5997  -0.0439973  7.12048 -0.3256 1 1 17
 401 0 17.7722  4.72824  35.6846 -0.3256 1 1 17
 401 1 17.9609  4.84136  34.5457 0.6512 1 1 16
 401 2 18.1496  4.95448  33.4067 -0.3256 1 1 17
 402 0 13.6907  4.80164  9.92382 -0.3256 1 1 17
 402 1 13.4636  5.55198  10.7788 0.6512 1 1 16
 402 2 13.2366  6.30233  11.6338 -0.3256 1 1 17
 403 0 28.0597  30.9156  28.7356 -0.3256 1 1 17
 403 1 29.0071  31.1022  28.0927 0.6512 1 1 16
 403 2 29.9545  31.2887  27.4499 -0.3256 1 1 17
 404 0 7.19622  19.3238  3.12762 -0.3256 1 1 17
 404 1 7.93849  19.1735  2.24897 0.6512 1 1 16
 404 2 8.68076  19.0232  1.37032 -0.3256 1 1 17
 405 0 11.2503  29.05  8.17377 -0.3256 1 1 17
 405 1 10.3747  28.4091  7.76354 0.6512 1 1 16
 405 2 9.49908  27.7683  7.35332 -0.3256 1 1 17
 406 0 38.4435  22.0092  26.2384 -0.3256 1 1 17
 406 1 38.6326  21.758  25.1219 0.6512 1 1 16
 406 2 38.8218  21.5068  24.0053 -0.3256 1 1 17
 407 0 29.846  19.3583  31.228 -0.3256 1 1 17
 407 1 29.9839  18.3966  31.8617 0.6512 1 1 16
 407 2 30.1219  17.4348  32.4954 -0.3256 1 1 17
 408 0 10.6116  23.312  19.2044 -0.3256 1 1 17
 408 1 11.1026  24.3161  18.8941 0.6512 1 1 16
 408 2 11.5936  25.3202  18.5838 -0.3256 1 1 17
 409 0 20.3381  25.6598  32.2877 -0.3256 1 1 17
 409 1 19.8087  25.0274  31.4719 0.6512 1 1 16
 409 2 19.2794  24.395  30.6561 -0.3256 1 1 17
 410 0 35.9799  23.4064  16.1378 -0.3256 1 1 17
 410 1 35.4576  24.395  16.4469 0.6512 1 1 16
 410 2 34.9353  25.3835  16.756 -0.3256 1 1 17
 411 0 36.5502  34.1753  20.0604 -0.3256 1 1 17
 411 1 35.5314  34.7258  19.9927 0.6512 1 1 16
 411 2 34.5126  35.2763  19.925 -0.3256 1 1 17
 412 0 10.4222  30.8202  30.1952 -0.3256 1 1 17
 412 1 9.82397  29.9106  29.7947 0.6512 1 1 16
 412 2 9.22569  29.0011  29.3941 -0.3256 1 1 17
 413 0 31.7769  33.7525  31.646 -0.3256 1 1 17
 413 1 31.1391  32.8448  31.3072 0.6512 1 1 16
 413 2 30.5012  31.9371  30.9684 -0.3256 1 1 17
 414 0 34.0973  28.0318  1.19393 -0.3256 1 1 17
 414 1 34.2995  28.9351  1.89293 0.6512 1 1 16
 414 2 34.5017  29.8385  2.59192 -0.3256 1 1 17
 415 0 17.8428  10.3079  7.74201 -0.3256 1 1 17
 415 1 18.1071  10.2147  6.61637 0.6512 1 1 16
 415 2 18.3714  10.1214  5.49073 -0.3256 1 1 17
 416 0 16.0554  31.4951  1.51516 -0.3256 1 1 17
 416 1 14.9099  31.5199  1.6968 0.6512 1 1 16
 416 2 13.7645  31.5448  1.87844 -0.3256 1 1 17
 417 0 29.5754  33.2897  14.0687 -0.3256 1 1 17
 417 1 30.1023  33.1974  15.098 0.6512 1 1 16
 417 2 30.6292  33.1052  16.1273 -0.3256 1 1 17
 418 0 18.1307  5.19143  20.8366 -0.3256 1 1 17
 418 1 18.786  4.24563  20.9837 0.6512 1 1 16
 418 2 19.4413  3.29982  21.1308 -0.3256 1 1 17
 419 0 17.9639  14.7461  38.3038 -0.3256 1 1 17
 419 1 17.4769  14.337  39.2739 0.6512 1 1 16
 419 2 16.9899  13.928  40.244 -0.3256 1 1 17
 420 0 24.6412  0.961599  21.2859 -0.3256 1 1 17
 420 1 24.2402  -0.0610202  21.6587 0.6512 1 1 16
 420 2 23.8391  -1.08364  22.0315 -0.3256 1 1 17
 421 0 0.792331  36.5527  17.2039 -0.3256 1 1 17
 421 1 1.72167  37.1567  16.8617 0.6512 1 1 16
 421 2 2.65102  37.7607  16.5196 -0.3256 1 1 17
 422 0 30.2979  11.3409  37.2396 -0.3256 1 1 17
 422 1 29.7418  11.6468  36.2687 0.6512 1 1 16
 422 2 29.1856  11.9528  35.2978 -0.3256 1 1 17
 423 0 5.78908  29.7578  27.068 -0.3256 1 1 17
 423 1 6.18366  29.7408  25.9773 0.6512 1 1 16
 423 2 6.57825  29.7239  24.8866 -0.3256 1 1 17
 424 0 6.04644  21.6043  15.0312 -0.3256 1 1 17
 424 1 6.1684  21.4926  13.883 0.6512 1 1 16
 424 2 6.29035  21.3809  12.7349 -0.3256 1 1 17
 425 0 38.1998  5.73801  38.5575 -0.3256 1 1 17
 425 1 38.4646  6.66307  37.9097 0.6512 1 1 16
 425 2 38.7294  7.58814  37.2618 -0.3256 1 1 17
 426 0 33.1686  1.73845  32.0063 -0.3256 1 1 17
 426 1 32.0414  1.98722  32.1202 0.6512 1 1 16
 426 2 30.9141  2.23599  32.234 -0.3256 1 1 17
 427 0 18.0057  7.36206  36.9139 -0.3256 1 1 17
 427 1 18.0222  8.16033  36.0724 0.6512 1 1 16
 427 2 18.0386  8.9586  35.2309 -0.3256 1 1 17
 428 0 16.8125  28.6681  15.299 -0.3256 1 1 17
 428 1 16.8935  29.318  16.2565 0.6512 1 1 16
 428 2 16.9745  29.9679  17.2139 -0.3256 1 1 17
 429 0 15.9535  13.892  7.5355 -0.3256 1 1 17
 429 1 15.2137  13.3695  6.81079 0.6512 1 1 16
 429 2 14.4739  12.8469  6.08607 -0.3256 1 1 17
 430 0 4.07981  12.7142  23.3454 -0.3256 1 1 17
 430 1 3.22054  13.4478  23.6081 0.6512 1 1 16
 430 2 2.36127  14.1815  23.8708 -0.3256 1 1 17
 431 0 18.7433  19.7446  2.93232 -0.3256 1 1 17
 431 1 19.0723  19.8428  1.82432 0.6512 1 1 16
 431 2 19.4014  19.9411  0.716314 -0.3256 1 1 17
 432 0 22.3827  10.6278  12.4726 -0.3256 1 1 17
 432 1 23.4564  10.9583  12.1833 0.6512 1 1 16
 432 2 24.53  11.2888  11.894 -0.3256 1 1 17
 433 0 1.51213  5.45417  28.6062 -0.3256 1 1 17
 433 1 1.76114  5.5382  29.736 0.6512 1 1 16
 433 2 2.01014  5.62222  30.8659 -0.3256 1 1 17
 434 0 32.395  26.5575  28.044 -0.3256 1 1 17
 434 1 31.7882  27.2498  28.7498 0.6512 1 1 16
 434 2 31.1815  27.9422  29.4556 -0.3256 1 1 17
 435 0 13.8632  36.3379  37.2084 -0.3256 1 1 17
 435 1 14.2107  35.3734  36.6657 0.6512 1 1 16
 435 2 14.5582  34.4089  36.1229 -0.3256 1 1 17
 436 0 33.9756  32.8371  3.89292 -0.3256 1 1 17
 436 1 33.4194  31.9651  4.41817 0.6512 1 1 16
 436 2 32.8631  31.0932  4.94341 -0.3256 1 1 17
 437 0 24.1165  8.55267  40.5972 -0.3256 1 1 17
 437 1 24.0077  8.27476  41.7181 0.6512 1 1 16
 437 2 23.8989  7.99684  42.839 -0.3256 1 1 17
 438 0 -1.83326  25.4509  37.3668 -0.3256 1 1 17
 438 1 -1.11493  25.7879  36.5206 0.6512 1 1 16
 438 2 -0.396597  26.1248  35.6744 -0.3256 1 1 17
 439 0 29.9876  1.42065  7.03586 -0.3256 1 1 17
 439 1 30.862  2.1751  7.14439 0.6512 1 1 16
 439 2 31.7364  2.92955  7.25291 -0.3256 1 1 17
 440 0 8.88061  27.2054  10.4068 -0.3256 1 1 17
 440 1 9.91635  27.4175  10.8841 0.6512 1 1 16
 440 2 10.9521  27.6297  11.3614 -0.3256 1 1 17
 441 0 4.69553  27.3441  25.1551 -0.3256 1 1 17
 441 1 4.56721  26.9076  26.2222 0.6512 1 1 16
 441 2 4.43889  26.4711  27.2892 -0.3256 1 1 17
 442 0 4.56513  8.40851  36.4992 -0.3256 1 1 17
 442 1 4.22728  7.31251  36.6731 0.6512 1 1 16
 442 2 3.88943  6.2165  36.847 -0.3256 1 1 17
 443 0 19.973  30.0934  21.9505 -0.3256 1 1 17
 443 1 19.9656  31.1625  21.5006 0.6512 1 1 16
 443 2 19.9583  32.2317  21.0507 -0.3256 1 1 17
 444 0 6.93714  22.9212  21.4543 -0.3256 1 1 17
 444 1 7.07763  22.4525  22.506 0.6512 1 1 16
 444 2 7.21812  21.9839  23.5578 -0.3256 1 1 17
 445 0 20.7064  34.1709  4.04682 -0.3256 1 1 17
 445 1 21.2085  34.6732  3.12966 0.6512 1 1 16
 445 2 21.7106  35.1756  2.21251 -0.3256 1 1 17
 446 0 1.73077  30.9719  3.52474 -0.3256 1 1 17
 446 1 2.70845  31.247  4.08512 0.6512 1 1 16
 446 2 3.68614  31.5222  4.6455 -0.3256 1 1 17
 447 0 16.6757  1.1127  8.04638 -0.3256 1 1 17
 447 1 16.2665  2.19544  8.12275 0.6512 1 1 16
 447 2 15.8573  3.27818  8.19913 -0.3256 1 1 17
 448 0 17.4281  36.8726  24.6323 -0.3256 1 1 17
 448 1 17.2481  36.8005  25.776 0.6512 1 1 16
 448 2 17.0681  36.7283  26.9197 -0.3256 1 1 17
 449 0 27.428  11.0972  12.6467 -0.3256 1 1 17
 449 1 27.9565  10.8412  11.6464 0.6512 1 1 16
 449 2 28.485  10.5853  10.646 -0.3256 1 1 17
 450 0 16.2614  6.43163  14.7131 -0.3256 1 1 17
 450 1 15.8627  5.43927  15.1623 0.6512 1 1 16
 450 2 15.4639  4.44692  15.6116 -0.3256 1 1 17
 451 0 19.9026  15.0153  22.9027 -0.3256 1 1 17
 451 1 18.9201  14.3993  22.934 0.6512 1 1 16
 451 2 17.9377  13.7833  22.9652 -0.3256 1 1 17
 452 0 20.9054  14.7479  10.4964 -0.3256 1 1 17
 452 1 20.3837  15.7336  10.8156 0.6512 1 1 16
 452 2 19.862  16.7193  11.1347 -0.3256 1 1 17
 453 0 6.30047  35.2613  22.8882 -0.3256 1 1 17
 453 1 5.9432  34.2877  23.4079 0.6512 1 1 16
 453 2 5.58594  33.3141  23.9275 -0.3256 1 1 17
 454 0 9.92312  20.3216  32.1272 -0.3256 1 1 17
 454 1 9.58357  20.3754  33.2351 0.6512 1 1 16
 454 2 9.24402  20.4292  34.3429 -0.3256 1 1 17
 455 0 7.46685  8.39494  33.9151 -0.3256 1 1 17
 455 1 8.07769  7.53044  33.4406 0.6512 1 1 16
 455 2 8.68852  6.66593  32.9662 -0.3256 1 1 17
 456 0 16.696  36.7831  9.99758 -0.3256 1 1 17
 456 1 16.4754  35.951  10.775 0.6512 1 1 16
 456 2 16.2548  35.1188  11.5524 -0.3256 1 1 17
 457 0 10.0576  22.8152  22.5408 -0.3256 1 1 17
 457 1 10.4653  22.0097  23.2691 0.6512 1 1 16
 457 2 10.8731  21.2041  23.9974 -0.3256 1 1 17
 458 0 14.626  19.8162  16.0384 -0.3256 1 1 17
 458 1 15.0327  20.6606  15.3549 0.6512 1 1 16
 458 2 15.4395  21.505  14.6714 -0.3256 1 1 17
 459 0 2.2081  3.4739  33.4966 -0.3256 1 1 17
 459 1 3.26501  3.17854  33.1207 0.6512 1 1 16
 459 2 4.32193  2.88318  32.7448 -0.3256 1 1 17
 460 0 5.23025  0.597976  11.3393 -0.3256 1 1 17
 460 1 6.37204  0.492976  11.5151 0.6512 1 1 16
 460 2 7.51383  0.387976  11.6908 -0.3256 1 1 17
 461 0 26.175  34.6959  37.1292 -0.3256 1 1 17
 461 1 27.1807  34.6195  36.5562 0.6512 1 1 16
 461 2 28.1864  34.5432  35.9833 -0.3256 1 1 17
 462 0 27.2716  28.256  35.4834 -0.3256 1 1 17
 462 1 26.7991  28.9367  36.2952 0.6512 1 1 16
 462 2 26.3266  29.6174  37.107 -0.3256 1 1 17
 463 0 14.9996  29.6152  5.50324 -0.3256 1 1 17
 463 1 16.0614  29.2067  5.72975 0.6512 1 1 16
 463 2 17.1232  28.7981  5.95627 -0.3256 1 1 17
 464 0 28.6964  13.7703  8.25486 -0.3256 1 1 17
 464 1 28.7543  14.8246  7.77455 0.6512 1 1 16
 464 2 28.8121  15.8789  7.29425 -0.3256 1 1 17
 465 0 5.85327  10.317  6.17782 -0.3256 1 1 17
 465 1 5.11838  11.201  6.33275 0.6512 1 1 16
 465 2 4.38348  12.0851  6.48769 -0.3256 1 1 17
 466 0 12.7997  20.4722  38.3495 -0.3256 1 1 17
 466 1 13.6726  19.7194  38.4796 0.6512 1 1 16
 466 2 14.5455  18.9665  38.6097 -0.3256 1 1 17
 467 0 32.0561  36.6888  37.7917 -0.3256 1 1 17
 467 1 31.1506  36.1789  38.3071 0.6512 1 1 16
 467 2 30.245  35.6691  38.8225 -0.3256 1 1 17
 468 0 3.1537  22.7064  11.1579 -0.3256 1 1 17
 468 1 3.46297  23.8104  10.9813 0.6512 1 1 16
 468 2 3.77224  24.9143  10.8048 -0.3256 1 1 17
 469 0 13.449  22.1202  2.21774 -0.3256 1 1 17
 469 1 12.688  22.9281  2.55496 0.6512 1 1 16
 469 2 11.927  23.736  2.89217 -0.3256 1 1 17
 470 0 35.5964  34.138  37.6581 -0.3256 1 1 17
 470 1 36.7376  34.0244  37.4844 0.6512 1 1 16
 470 2 37.8789  33.9107  37.3106 -0.3256 1 1 17
 471 0 22.7218  2.72035  13.8435 -0.3256 1 1 17
 471 1 22.0123  1.81063  13.9647 0.6512 1 1 16
 471 2 21.3029  0.90092  14.0858 -0.3256 1 1 17
 472 0 23.4183  4.42908  6.84999 -0.3256 1 1 17
 472 1 22.292  4.28085  6.6153 0.6512 1 1 16
 472 2 21.1657  4.13261  6.38062 -0.3256 1 1 17
 473 0 31.2395  23.1951  14.9305 -0.3256 1 1 17
 473 1 30.1112  23.3562  15.1461 0.6512 1 1 16
 473 2 28.9828  23.5174  15.3618 -0.3256 1 1 17
 474 0 9.45592  31.0652  16.7193 -0.3256 1 1 17
 474 1 9.56489  29.9932  17.1488 0.6512 1 1 16
 474 2 9.67387  28.9211  17.5783 -0.3256 1 1 17
 475 0 19.303  11.7078  2.64673 -0.3256 1 1 17
 475 1 18.6212  10.8121  2.36626 0.6512 1 1 16
 475 2 17.9394  9.91652  2.08578 -0.3256 1 1 17
 476 0 -0.605107  34.1297  33.9465 -0.3256 1 1 17
 476 1 -0.65826  33.004  34.2211 0.6512 1 1 16
 476 2 -0.711414  31.8782  34.4958 -0.3256 1 1 17
 477 0 35.1198  1.43668  38.0367 -0.3256 1 1 17
 477 1 34.1012  1.88524  38.3636 0.6512 1 1 16
 477 2 33.0826  2.33379  38.6905 -0.3256 1 1 17
 478 0 5.85053  8.0883  30.4311 -0.3256 1 1 17
 478 1 6.57188  8.92653  30.0809 0.6512 1 1 16
 478 2 7.29323  9.76475  29.7308 -0.3256 1 1 17
 479 0 11.973  36.1557  34.3476 -0.3256 1 1 17
 479 1 11.1331  36.8817  34.684 0.6512 1 1 16
 479 2 10.2932  37.6077  35.0203 -0.3256 1 1 17
 480 0 34.817  19.2869  6.87158 -0.3256 1 1 17
 480 1 33.7138  19.6451  6.88721 0.6512 1 1 16
 480 2 32.6106  20.0032  6.90284 -0.3256 1 1 17
 481 0 31.2909  26.9223  23.9818 -0.3256 1 1 17
 481 1 30.7145  26.904  24.9883 0.6512 1 1 16
 481 2 30.1381  26.8856  25.9948 -0.3256 1 1 17
 482 0 14.1953  28.4627  12.6094 -0.3256 1 1 17
 482 1 13.5798  28.4792  13.5925 0.6512 1 1 16
 482 2 12.9643  28.4956  14.5756 -0.3256 1 1 17
 483 0 1.20011  2.19673  14.192 -0.3256 1 1 17
 483 1 1.94525  1.71598  13.4441 0.6512 1 1 16
 483 2 2.69039  1.23523  12.6963 -0.3256 1 1 17
 484 0 34.9112  17.8654  10.3264 -0.3256 1 1 17
 484 1 35.3036  16.9978  10.9889 0.6512 1 1 16
 484 2 35.6961  16.1302  11.6513 -0.3256 1 1 17
 485 0 15.6855  4.10327  19.8719 -0.3256 1 1 17
 485 1 16.5088  3.92298  19.0749 0.6512 1 1 16
 485 2 17.332  3.74269  18.2778 -0.3256 1 1 17
 486 0 23.0281  4.34728  33.5683 -0.3256 1 1 17
 486 1 22.3847  4.38812  32.6039 0.6512 1 1 16
 486 2 21.7413  4.42896  31.6396 -0.3256 1 1 17
 487 0 2.72503  3.75142  38.2073 -0.3256 1 1 17
 487 1 2.85891  3.25186  39.2456 0.6512 1 1 16
 487 2 2.9928  2.75231  40.2839 -0.3256 1 1 17
 488 0 1.29552  12.9976  17.6571 -0.3256 1 1 17
 488 1 0.343722  12.8638  17.0077 0.6512 1 1 16
 488 2 -0.608079  12.73  16.3582 -0.3256 1 1 17
 489 0 29.3356  12.3814  1.17486 -0.3256 1 1 17
 489 1 28.3194  11.9952  0.770153 0.6512 1 1 16
 489 2 27.3031  11.6091  0.365449 -0.3256 1 1 17
 490 0 38.0853  37.8195  11.2607 -0.3256 1 1 17
 490 1 39.2261  37.6141  11.3066 0.6512 1 1 16
 490 2 40.3668  37.4087  11.3525 -0.3256 1 1 17
 491 0 5.31548  21.2138  38.2118 -0.3256 1 1 17
 491 1 5.00868  22.3322  38.1858 0.6512 1 1 16
 491 2 4.70188  23.4506  38.1598 -0.3256 1 1 17
 492 0 19.7968  7.33671  15.7793 -0.3256 1 1 17
 492 1 19.4369  6.34607  16.2638 0.6512 1 1 16
 492 2 19.0771  5.35544  16.7484 -0.3256 1 1 17
 493 0 34.3904  15.4894  34.944 -0.3256 1 1 17
 493 1 33.3228  15.0555  34.8116 0.6512 1 1 16
 493 2 32.2552  14.6217  34.6791 -0.3256 1 1 17
 494 0 16.8304  21.7227  24.8709 -0.3256 1 1 17
 494 1 17.8085  22.2502  25.2035 0.6512 1 1 16
 494 2 18.7866  22.7777  25.5361 -0.3256 1 1 17
 495 0 28.8818  28.6749  23.1309 -0.3256 1 1 17
 495 1 29.1032  29.1423  24.1692 0.6512 1 1 16
 495 2 29.3247  29.6097  25.2075 -0.3256 1 1 17
 496 0 27.7633  8.30402  13.4232 -0.3256 1 1 17
 496 1 27.6061  7.86177  12.3624 0.6512 1 1 16
 496 2 27.4488  7.41952  11.3016 -0.3256 1 1 17
 497 0 24.2638  16.1537  6.21745 -0.3256 1 1 17
 497 1 24.2839  14.9941  6.19464 0.6512 1 1 16
 497 2 24.3041  13.8345  6.17182 -0.3256 1 1 17
 498 0 6.2534  14.9147  17.1426 -0.3256 1 1 17
 498 1 5.9143  15.206  18.213 0.6512 1 1 16
 498 2 5.5752  15.4973  19.2834 -0.3256 1 1 17
 499 0 3.62554  35.7426  38.545 -0.3256 1 1 17
 499 1 3.62044  36.8956  38.6722 0.6512 1 1 16
 499 2 3.61534  38.0486  38.7995 -0.3256 1 1 17
 500 0 12.6474  34.6152  14.1918 -0.3256 1 1 17
 500 1 13.7228  35.0494  14.1668 0.6512 1 1 16
 500 2 14.7981  35.4836  14.1417 -0.3256 1 1 17
 501 0 19.9114  5.82865  25.5464 -0.3256 1 1 17
 501 1 19.4748  5.05424  24.8012 0.6512 1 1 16
 501 2 19.0382  4.27984  24.0561 -0.3256 1 1 17
 502 0 3.99668  8.35947  20.268 -0.3256 1 1 17
 502 1 4.3914  7.81829  21.2151 0.6512 1 1 16
 502 2 4.78613  7.27711  22.1622 -0.3256 1 1 17
 503 0 28.6891  17.2478  35.5402 -0.3256 1 1 17
 503 1 29.1309  18.2571  35.9032 0.6512 1 1 16
 503 2 29.5727  19.2664  36.2661 -0.3256 1 1 17
 504 0 20.4863  0.234674  22.4327 -0.3256 1 1 17
 504 1 20.7875  -0.0934501  21.3616 0.6512 1 1 16
 504 2 21.0886  -0.421574  20.2905 -0.3256 1 1 17
 505 0 30.6013  4.7639  18.5609 -0.3256 1 1 17
 505 1 30.8626  4.0781  17.6626 0.6512 1 1 16
 505 2 31.124  3.39231  16.7642 -0.3256 1 1 17
 506 0 14.7037  19.649  33.1707 -0.3256 1 1 17
 506 1 14.5113  19.432  32.0475 0.6512 1 1 16
 506 2 14.3188  19.215  30.9243 -0.3256 1 1 17
 507 0 34.9683  38.5721  19.0149 -0.3256 1 1 17
 507 1 34.044  38.263  19.644 0.6512 1 1 16
 507 2 33.1197  37.9539  20.273 -0.3256 1 1 17
 508 0 11.054  7.14659  17.172 -0.3256 1 1 17
 508 1 10.0028  7.03004  17.6486 0.6512 1 1 16
 508 2 8.95174  6.91349  18.1253 -0.3256 1 1 17
 509 0 26.0195  32.2475  21.0905 -0.3256 1 1 17
 509 1 25.9765  33.1768  21.7834 0.6512 1 1 16
 509 2 25.9334  34.1061  22.4763 -0.3256 1 1 17
 510 0 11.4357  35.8052  16.8507 -0.3256 1 1 17
 510 1 10.6813  35.0914  16.3341 0.6512 1 1 16
 510 2 9.92691  34.3776  15.8174 -0.3256 1 1 17
 511 0 34.613  18.6132  25.5193 -0.3256 1 1 17
 511 1 34.2672  18.3432  26.5932 0.6512 1 1 16
 511 2 33.9214  18.0732  27.667 -0.3256 1 1 17
 512 0 34.1342  27.8696  5.86372 -0.3256 1 1 17
 512 1 35.0512  27.8785  6.57408 0.6512 1 1 16
 512 2 35.9682  27.8874  7.28444 -0.3256 1 1 17
 513 0 36.1518  24.9935  20.98 -0.3256 1 1 17
 513 1 36.0814  24.5336  22.0426 0.6512 1 1 16
 513 2 36.011  24.0737  23.1053 -0.3256 1 1 17
 514 0 32.7107  23.8752  4.0141 -0.3256 1 1 17
 514 1 33.4145  24.5507  3.38641 0.6512 1 1 16
 514 2 34.1183  25.2262  2.75871 -0.3256 1 1 17
 515 0 3.2784  21.7092  25.7055 -0.3256 1 1 17
 515 1 2.6343  22.6664  25.8257 0.6512 1 1 16
 515 2 1.9902  23.6236  25.9459 -0.3256 1 1 17
 516 0 25.4734  8.46796  24.7293 -0.3256 1 1 17
 516 1 24.5138  8.32062  25.3642 0.6512 1 1 16
 516 2 23.5542  8.17329  25.999 -0.3256 1 1 17
 517 0 19.154  34.3356  23.5878 -0.3256 1 1 17
 517 1 19.2517  34.6933  24.6869 0.6512 1 1 16
 517 2 19.3494  35.051  25.7861 -0.3256 1 1 17
 518 0 32.3848  6.88507  20.7702 -0.3256 1 1 17
 518 1 31.6538  7.78487  20.731 0.6512 1 1 16
 518 2 30.9227  8.68467  20.6919 -0.3256 1 1 17
 519 0 15.1178  34.0732  26.8801 -0.3256 1 1 17
 519 1 15.6651  33.5031  26.0309 0.6512 1 1 16
 519 2 16.2123  32.933  25.1817 -0.3256 1 1 17
 520 0 5.00892  28.2066  19.6593 -0.3256 1 1 17
 520 1 4.91615  28.2272  18.5032 0.6512 1 1 16
 520 2 4.82338  28.2477  17.3471 -0.3256 1 1 17
 521 0 24.1502  33.3719  28.3817 -0.3256 1 1 17
 521 1 23.6426  33.8443  27.4518 0.6512 1 1 16
 521 2 23.135  34.3167  26.5218 -0.3256 1 1 17
 522 0 20.6842  31.4676  24.4794 -0.3256 1 1 17
 522 1 19.6568  31.0422  24.8097 0.6512 1 1 16
 522 2 18.6295  30.6168  25.1401 -0.3256 1 1 17
 523 0 8.64868  3.94386  20.2041 -0.3256 1 1 17
 523 1 7.71882  4.62849  20.0935 0.6512 1 1 16
 523 2 6.78895  5.31312  19.9829 -0.3256 1 1 17
 524 0 30.3812  7.38031  16.4231 -0.3256 1 1 17
 524 1 31.3412  7.77255  15.9034 0.6512 1 1 16
 524 2 32.3012  8.1648  15.3837 -0.3256 1 1 17
 525 0 26.7214  1.37479  27.7016 -0.3256 1 1 17
 525 1 27.0798  0.324119  28.0381 0.6512 1 1 16
 525 2 27.4382  -0.726554  28.3746 -0.3256 1 1 17
 526 0 10.9625  38.3206  9.96804 -0.3256 1 1 17
 526 1 10.7437  39.2103  10.6795 0.6512 1 1 16
 526 2 10.5248  40.1001  11.3909 -0.3256 1 1 17
 527 0 5.46278  1.16656  21.2109 -0.3256 1 1 17
 527 1 4.99396  2.06771  21.771 0.6512 1 1 16
 527 2 4.52513  2.96885  22.3311 -0.3256 1 1 17
 528 0 8.23753  37.0183  0.00211259 -0.3256 1 1 17
 528 1 8.52758  37.6487  0.931679 0.6512 1 1 16
 528 2 8.81763  38.279  1.86124 -0.3256 1 1 17
 529 0 22.7942  21.9347  29.0044 -0.3256 1 1 17
 529 1 21.8762  21.4521  29.524 0.6512 1 1 16
 529 2 20.9582  20.9695  30.0436 -0.3256 1 1 17
 530 0 13.8375  34.4672  10.1786 -0.3256 1 1 17
 530 1 13.6566  35.5987  10.3592 0.6512 1 1 16
 530 2 13.4757  36.7302  10.5397 -0.3256 1 1 17
 531 0 30.5957  30.3114  8.8818 -0.3256 1 1 17
 531 1 29.5278  29.9137  8.66528 0.6512 1 1 16
 531 2 28.4598  29.516  8.44877 -0.3256 1 1 17
 532 0 26.6475  8.26844  -0.0826642 -0.3256 1 1 17
 532 1 26.2637  7.17789  -0.177557 0.6512 1 1 16
 532 2 25.88  6.08734  -0.27245 -0.3256 1 1 17
 533 0 16.5505  10.1254  37.5103 -0.3256 1 1 17
 533 1 16.4227  11.2461  37.2394 0.6512 1 1 16
 533 2 16.2949  12.3667  36.9684 -0.3256 1 1 17
 534 0 34.1174  2.01371  15.681 -0.3256 1 1 17
 534 1 35.1012  2.28905  16.2305 0.6512 1 1 16
 534 2 36.085  2.56439  16.78 -0.3256 1 1 17
 535 0 9.42535  14.1877  2.107 -0.3256 1 1 17
 535 1 10.2246  15.0251  2.03282 0.6512 1 1 16
 535 2 11.0238  15.8626  1.95864 -0.3256 1 1 17
 536 0 23.6059  28.537  12.5616 -0.3256 1 1 17
 536 1 23.9259  28.7495  13.6562 0.6512 1 1 16
 536 2 24.2458  28.962  14.7507 -0.3256 1 1 17
 537 0 25.5833  29.475  9.76031 -0.3256 1 1 17
 537 1 25.4603  30.2036  8.86609 0.6512 1 1 16
 537 2 25.3373  30.9322  7.97186 -0.3256 1 1 17
 538 0 10.667  11.0843  35.3178 -0.3256 1 1 17
 538 1 10.6939  12.1786  35.7015 0.6512 1 1 16
 538 2 10.7209  13.273  36.0853 -0.3256 1 1 17
 539 0 1.3203  19.7236  3.77877 -0.3256 1 1 17
 539 1 1.81074  20.7711  3.86756 0.6512 1 1 16
 539 2 2.30118  21.8186  3.95634 -0.3256 1 1 17
 540 0 28.2372  6.85054  36.2689 -0.3256 1 1 17
 540 1 28.9871  7.73468  36.2294 0.6512 1 1 16
 540 2 29.737  8.61881  36.1899 -0.3256 1 1 17
 541 0 0.0877012  36.4046  1.02306 -0.3256 1 1 17
 541 1 0.111614  37.5635  1.06622 0.6512 1 1 16
 541 2 0.135526  38.7225  1.10938 -0.3256 1 1 17
 542 0 30.4204  34.1805  23.6669 -0.3256 1 1 17
 542 1 30.8516  33.1652  24.0258 0.6512 1 1 16
 542 2 31.2828  32.1499  24.3848 -0.3256 1 1 17
 543 0 12.2826  6.52412  4.36899 -0.3256 1 1 17
 543 1 11.5501  7.09328  3.6725 0.6512 1 1 16
 543 2 10.8176  7.66244  2.976 -0.3256 1 1 17
 544 0 1.19549  27.2528  21.7256 -0.3256 1 1 17
 544 1 0.948924  26.1472  21.9752 0.6512 1 1 16
 544 2 0.702357  25.0415  22.2247 -0.3256 1 1 17
 545 0 12.402  20.2254  14.1828 -0.3256 1 1 17
 545 1 12.2586  21.3765  14.1898 0.6512 1 1 16
 545 2 12.1151  22.5276  14.1968 -0.3256 1 1 17
 546 0 32.9317  15.602  11.8111 -0.3256 1 1 17
 546 1 33.0451  16.6017  12.3884 0.6512 1 1 16
 546 2 33.1586  17.6014  12.9658 -0.3256 1 1 17
 547 0 4.78311  0.0103174  35.9881 -0.3256 1 1 17
 547 1 5.45373  -0.421928  35.146 0.6512 1 1 16
 547 2 6.12434  -0.854174  34.304 -0.3256 1 1 17
 548 0 7.06671  30.7421  36.1113 -0.3256 1 1 17
 548 1 7.08612  30.8928  34.9613 0.6512 1 1 16
 548 2 7.10553  31.0434  33.8113 -0.3256 1 1 17
 549 0 2.00026  19.7029  18.2098 -0.3256 1 1 17
 549 1 2.03611  19.0821  19.189 0.6512 1 1 16
 549 2 2.07196  18.4612  20.1682 -0.3256 1 1 17
 550 0 33.8752  33.1425  25.8835 -0.3256 1 1 17
 550 1 33.3724  32.6432  26.8019 0.6512 1 1 16
 550 2 32.8695  32.1439  27.7203 -0.3256 1 1 17
 551 0 15.5028  34.8727  22.3492 -0.3256 1 1 17
 551 1 15.0317  33.822  22.4895 0.6512 1 1 16
 551 2 14.5606  32.7713  22.6298 -0.3256 1 1 17
 552 0 35.2265  27.8508  24.2158 -0.3256 1 1 17
 552 1 36.3574  27.5954  24.2515 0.6512 1 1 16
 552 2 37.4884  27.3399  24.2872 -0.3256 1 1 17
 553 0 30.4529  21.4591  10.1347 -0.3256 1 1 17
 553 1 29.524  21.6898  9.47936 0.6512 1 1 16
 553 2 28.5951  21.9205  8.82402 -0.3256 1 1 17
 554 0 35.2145  5.15883  38.6081 -0.3256 1 1 17
 554 1 35.0592  5.29904  37.4672 0.6512 1 1 16
 554 2 34.9038  5.43926  36.3262 -0.3256 1 1 17
 555 0 5.77628  2.66117  1.92402 -0.3256 1 1 17
 555 1 6.64631  2.84959  2.66775 0.6512 1 1 16
 555 2 7.51635  3.03801  3.41148 -0.3256 1 1 17
 556 0 23.7985  35.0929  11.186 -0.3256 1 1 17
 556 1 23.8571  36.2001  10.8451 0.6512 1 1 16
 556 2 23.9158  37.3074  10.5043 -0.3256 1 1 17
 557 0 12.3826  4.08154  33.2507 -0.3256 1 1 17
 557 1 12.5209  3.55104  32.2284 0.6512 1 1 16
 557 2 12.6591  3.02054  31.2062 -0.3256 1 1 17
 558 0 17.7958  33.9036  33.5915 -0.3256 1 1 17
 558 1 16.7721  34.3571  33.288 0.6512 1 1 16
 558 2 15.7484  34.8106  32.9846 -0.3256 1 1 17
 559 0 7.86194  10.4198  8.66962 -0.3256 1 1 17
 559 1 8.58022  10.1758  9.54719 0.6512 1 1 16
 559 2 9.2985  9.93176  10.4248 -0.3256 1 1 17
 560 0 18.8796  8.74481  25.8252 -0.3256 1 1 17
 560 1 17.852  9.09889  26.2304 0.6512 1 1 16
 560 2 16.8244  9.45297  26.6357 -0.3256 1 1 17
 561 0 26.2361  27.0095  17.2872 -0.3256 1 1 17
 561 1 26.38  26.5361  16.238 0.6512 1 1 16
 561 2 26.5239  26.0626  15.1888 -0.3256 1 1 17
 562 0 36.6597  23.5383  3.7964 -0.3256 1 1 17
 562 1 36.272  22.8243  4.6244 0.6512 1 1 16
 562 2 35.8843  22.1104  5.4524 -0.3256 1 1 17
 563 0 38.4485  26.8055  11.285 -0.3256 1 1 17
 563 1 39.1706  26.2951  10.5342 0.6512 1 1 16
 563 2 39.8928  25.7847  9.78347 -0.3256 1 1 17
 564 0 33.9702  32.9062  34.979 -0.3256 1 1 17
 564 1 34.5777  33.8188  34.6001 0.6512 1 1 16
 564 2 35.1853  34.7315  34.2212 -0.3256 1 1 17
 565 0 36.0662  10.7956  18.5937 -0.3256 1 1 17
 565 1 35.2926  10.984  17.7501 0.6512 1 1 16
 565 2 34.5189  11.1723  16.9065 -0.3256 1 1 17
 566 0 24.3361  29.5332  21.705 -0.3256 1 1 17
 566 1 23.3777  29.6602  21.0641 0.6512 1 1 16
 566 2 22.4192  29.7871  20.4231 -0.3256 1 1 17
 567 0 22.5726  2.80471  25.4605 -0.3256 1 1 17
 567 1 22.4657  2.90914  24.3102 0.6512 1 1 16
 567 2 22.3588  3.01356  23.1598 -0.3256 1 1 17
 568 0 34.3474  37.8591  35.6582 -0.3256 1 1 17
 568 1 33.4318  37.9552  34.9524 0.6512 1 1 16
 568 2 32.5163  38.0513  34.2466 -0.3256 1 1 17
 569 0 25.5893  2.24937  30.1874 -0.3256 1 1 17
 569 1 24.5429  2.58531  29.8162 0.6512 1 1 16
 569 2 23.4965  2.92126  29.445 -0.3256 1 1 17
 570 0 36.9319  31.4383  4.94696 -0.3256 1 1 17
 570 1 36.8094  31.1185  6.05524 0.6512 1 1 16
 570 2 36.6869  30.7986  7.16352 -0.3256 1 1 17
 571 0 1.82614  16.6703  12.2634 -0.3256 1 1 17
 571 1 1.612  17.7291  12.6861 0.6512 1 1 16
 571 2 1.39786  18.788  13.1087 -0.3256 1 1 17
 572 0 12.7847  1.74917  16.8703 -0.3256 1 1 17
 572 1 12.2514  2.64606  16.3635 0.6512 1 1 16
 572 2 11.7181  3.54295  15.8567 -0.3256 1 1 17
 573 0 14.9451  28.8976  30.2394 -0.3256 1 1 17
 573 1 15.5165  27.942  30.565 0.6512 1 1 16
 573 2 16.0878  26.9864  30.8905 -0.3256 1 1 17
 574 0 9.8523  38.5003  14.6161 -0.3256 1 1 17
 574 1 9.91793  38.8903  15.7066 0.6512 1 1 16
 574 2 9.98356  39.2804  16.7971 -0.3256 1 1 17
 575 0 22.4483  2.67549  10.9224 -0.3256 1 1 17
 575 1 21.8009  1.7135  10.9559 0.6512 1 1 16
 575 2 21.1536  0.751515  10.9893 -0.3256 1 1 17
 576 0 36.9661  29.0114  36.9529 -0.3256 1 1 17
 576 1 37.853  28.9394  37.6972 0.6512 1 1 16
 576 2 38.7398  28.8674  38.4414 -0.3256 1 1 17
 577 0 33.0933  25.4768  33.7277 -0.3256 1 1 17
 577 1 32.1624  26.1586  33.8472 0.6512 1 1 16
 577 2 31.2316  26.8404  33.9667 -0.3256 1 1 17
 578 0 36.2768  6.81209  17.5728 -0.3256 1 1 17
 578 1 35.3021  6.18801  17.6512 0.6512 1 1 16
 578 2 34.3274  5.56392  17.7297 -0.3256 1 1 17
 579 0 19.3219  3.02695  0.634599 -0.3256 1 1 17
 579 1 20.4026  3.36878  0.881207 0.6512 1 1 16
 579 2 21.4834  3.71061  1.12781 -0.3256 1 1 17
 580 0 34.9889  22.5505  10.4437 -0.3256 1 1 17
 580 1 35.0233  21.9464  11.4334 0.6512 1 1 16
 580 2 35.0577  21.3424  12.4231 -0.3256 1 1 17
 581 0 8.73184  34.1916  19.6794 -0.3256 1 1 17
 581 1 8.25481  35.1442  20.1385 0.6512 1 1 16
 581 2 7.77778  36.0967  20.5976 -0.3256 1 1 17
 582 0 8.28478  34.4967  7.43219 -0.3256 1 1 17
 582 1 8.90595  35.3068  6.88132 0.6512 1 1 16
 582 2 9.52712  36.1169  6.33044 -0.3256 1 1 17
 583 0 2.18854  18.0745  35.3176 -0.3256 1 1 17
 583 1 1.94398  17.8576  34.2046 0.6512 1 1 16
 583 2 1.69942  17.6406  33.0916 -0.3256 1 1 17
 584 0 34.9364  6.39308  29.7128 -0.3256 1 1 17
 584 1 35.891  5.8637  30.1053 0.6512 1 1 16
 584 2 36.8456  5.33432  30.4978 -0.3256 1 1 17
 585 0 17.0466  38.0205  32.1882 -0.3256 1 1 17
 585 1 17.9327  37.7219  32.8746 0.6512 1 1 16
 585 2 18.8188  37.4232  33.5611 -0.3256 1 1 17
 586 0 5.45683  7.16046  17.5998 -0.3256 1 1 17
 586 1 4.3702  6.83866  17.8473 0.6512 1 1 16
 586 2 3.28357  6.51685  18.0948 -0.3256 1 1 17
 587 0 38.2444  9.32352  8.76501 -0.3256 1 1 17
 587 1 39.2714  9.85266  8.86852 0.6512 1 1 16
 587 2 40.2985  10.3818  8.97202 -0.3256 1 1 17
 588 0 32.1598  20.5185  24.4843 -0.3256 1 1 17
 588 1 32.282  21.1142  23.4965 0.6512 1 1 16
 588 2 32.4043  21.7099  22.5087 -0.3256 1 1 17
 589 0 8.65629  12.8034  28.8626 -0.3256 1 1 17
 589 1 9.17725  12.8682  27.8282 0.6512 1 1 16
 589 2 9.69821  12.9331  26.7938 -0.3256 1 1 17
 590 0 18.925  31.8073  35.5316 -0.3256 1 1 17
 590 1 18.8894  30.9463  36.3082 0.6512 1 1 16
 590 2 18.8537  30.0853  37.0848 -0.3256 1 1 17
 591 0 22.9831  0.19382  34.4513 -0.3256 1 1 17
 591 1 23.9928  0.753512  34.3385 0.6512 1 1 16
 591 2 25.0026  1.3132  34.2258 -0.3256 1 1 17
 592 0 4.4019  5.70971  32.802 -0.3256 1 1 17
 592 1 5.25813  5.38481  32.09 0.6512 1 1 16
 592 2 6.11436  5.05991  31.378 -0.3256 1 1 17
 593 0 38.291  0.77695  21.3363 -0.3256 1 1 17
 593 1 38.201  1.7998  20.7966 0.6512 1 1 16
 593 2 38.111  2.82266  20.2569 -0.3256 1 1 17
 594 0 34.6498  30.5424  29.2921 -0.3256 1 1 17
 594 1 35.2185  31.4999  29.6166 0.6512 1 1 16
 594 2 35.7872  32.4574  29.9412 -0.3256 1 1 17
 595 0 22.8945  28.5318  29.3946 -0.3256 1 1 17
 595 1 23.7822  27.7933  29.2838 0.6512 1 1 16
 595 2 24.6698  27.0547  29.1729 -0.3256 1 1 17
 596 0 7.61467  8.39056  22.1643 -0.3256 1 1 17
 596 1 8.42649  7.56199  22.1591 0.6512 1 1 16
 596 2 9.23831  6.73342  22.1539 -0.3256 1 1 17
 597 0 11.2176  10.6436  22.2222 -0.3256 1 1 17
 597 1 10.9164  10.7917  21.1118 0.6512 1 1 16
 597 2 10.6151  10.9398  20.0015 -0.3256 1 1 17
 598 0 29.3753  0.0928533  11.7316 -0.3256 1 1 17
 598 1 30.5007  0.373942  11.7233 0.6512 1 1 16
 598 2 31.6261  0.655032  11.715 -0.3256 1 1 17
 599 0 26.1154  16.9639  12.4084 -0.3256 1 1 17
 599 1 26.8283  16.2127  11.8858 0.6512 1 1 16
 599 2 27.5412  15.4616  11.3631 -0.3256 1 1 17
 600 0 29.3836  8.62631  25.3543 -0.3256 1 1 17
 600 1 28.8132  8.01862  24.5475 0.6512 1 1 16
 600 2 28.2428  7.41092  23.7407 -0.3256 1 1 17
