0.0003905641548640528 0.1465567903942555
0.12742232527113367 0.5207405010601901
0.0002636222753990449 0.07353353196693375
4.280289623849729e-06 0.01994013709008593
6.949670408656987e-08 0.0054071803235320685
1.1283796900061874e-09 0.001466268708138875
0.00030991094936585334 0.04811497229563226
0.123774239541035 0.32958030615315026
0.00023470431114207122 0.011798994843138864
3.595684686134201e-06 0.0012816443194744
5.508611366867417e-08 0.00013921627930841752
8.439226973432221e-10 1.5122114716216666e-05
0.00030070312578556527 0.029749708335375703
0.12331388192459763 0.2845002054010047
0.00023123196950950418 0.006551342989570453
3.5161858138756783e-06 0.0005302681050880901
5.346822372324427e-08 4.292009496699393e-05
8.13054570903852e-10 3.4739682328616676e-06
0.0002379986711122855 0.020128804559988975
0.11985743483767723 0.2560423808175132
0.00020637634427250826 0.004297812130865158
2.964762253602316e-06 0.0002817546816611357
4.259119547528486e-08 1.847118911221171e-05
6.11856795535569e-10 1.2109286887712798e-06
0.00019106100114741346 0.006022017857965892
0.11678262281456012 0.19560541592133684
0.00018599998075548855 0.0014639407551999973
2.536701401949163e-06 5.601253807842381e-05
3.4595992841042107e-08 2.143122534735539e-06
4.718264119449652e-10 8.199903729519636e-08
0.00016716955408724746 0.00452261603670085
0.11498876258892288 0.18523098926273077
0.00017483227222933053 0.0011772117403483654
2.3117049500247166e-06 4.0390746235411915e-05
3.056632341287074e-08 1.3858274816140273e-06
4.0416062913661224e-10 4.7548460669758445e-08
0.00010259585527698602 0.002133188810855829
0.10887656451549896 0.16259799533546263
0.00014051983618823866 0.0006989735592257705
1.6657370755319955e-06 1.8479538508843688e-05
1.974582436236943e-08 4.885640364967417e-07
2.3406910098643177e-10 1.2916708804376158e-08
9.762756356391273e-05 0.0018647069800239858
0.10829131722175939 0.15911781636753222
0.00013752274913050684 0.0006410254034613152
1.6127305697902301e-06 1.622978852726563e-05
1.891250652841232e-08 4.109135678827419e-07
2.2178714156436118e-10 1.0403706738782275e-08
9.636196052011304e-05 0.0015194779501249277
0.1081385150845585 0.15409772532941038
0.00013674819634827562 0.0005638776903459312
1.5991249905195663e-06 1.338990107038654e-05
1.8700069204506544e-08 3.179580496698619e-07
2.1867745818900406e-10 7.550266489530074e-09
0.0006807602354951264 0.16890207802512347
0.13713093898967432 0.5622917634121348
0.0003536240544553631 0.09996475078447094
6.649863011301537e-06 0.03160605790418174
1.250499718894496e-07 0.009992951399401383
2.3515515196291997e-09 0.003159491701671086
0.0005527534565712155 0.1332819073486883
0.13332269445183462 0.4962067992677561
0.0003159485224306452 0.0606248732426311
5.615966299712844e-06 0.014927128290297879
9.982346882610793e-08 0.003675375255685088
1.7743562544145714e-09 0.0009049552604758016
0.000512528843392181 0.0694335735642724
0.13199310057881444 0.37489904537942426
0.0003035323071845501 0.019754104107540166
5.288194066763447e-06 0.0027764253903896706
9.213186150477608e-08 0.00039022462909153526
1.6051377459243577e-09 5.48457962085754e-05
0.0005007264633079447 0.05889870985432278
0.131588460047052 0.3531153130980352
0.0002998273304452538 0.015547701923167444
5.191666981651274e-06 0.001938649550378802
8.989642808192743e-08 0.00024173103509166465
1.55660365166927e-09 3.0141545342772203e-05
0.0004413839436653911 0.047926076370458336
0.12943986100123164 0.32915357330070416
0.0002807192220167003 0.011738005175570524
4.703360065509244e-06 0.0012717198349295584
7.880328160966147e-08 0.00013778076550172041
1.3203235784541716e-09 1.4927454004278848e-05
0.00041439941077408296 0.02793291473599845
0.12839145566489635 0.27948968737060303
0.00027173431872125017 0.006101872820951286
4.479367934059845e-06 0.0004766446550585121
7.383953997090197e-08 3.7232851923064e-05
1.217197993863566e-09 2.9084250659532358e-06
0.00040975909042702334 0.02213769317895451
0.12820609541680414 0.26243457328494174
0.0002701684896399415 0.004743339333488059
4.440706214548877e-06 0.0003266828171694878
7.299101279432717e-08 2.249926803261495e-05
1.199738890919372e-09 1.54956745625472e-06
0.0004027042052701315 0.013264669997885418
0.1279212701281293 0.2313395092087458
0.0002677756310439678 0.002864172954608687
4.38184062187561e-06 0.00015328471802328512
7.170378858099517e-08 8.203486713911857e-06
1.1733501376568338e-09 4.3903394371711206e-07
0.0003655053128251861 0.00966608323218947
0.12635468421560617 0.21555756110632826
0.00025489738896385377 0.00215900200061344
4.0695658497863516e-06 0.00010031816214071195
6.497267890059017e-08 4.661289638652837e-06
1.037321709327008e-09 2.1658711275966056e-07
0.0006890306519538673 0.12416070030804122
0.1373583958496407 0.4793453487321207
0.00035597610021270975 0.05279515514222771
6.7163181669499335e-06 0.012130846452456557
1.2671898392264917e-07 0.002787328406491893
2.3908487488586126e-09 0.0006404499204639866
0.0006716894576633247 0.11485657331657831
0.1368791523539812 0.4620920227098446
0.0003510340368366745 0.04559464983520988
6.576939435397891e-06 0.0097357816922768
1.2322489501785176e-07 0.0020788720935954047
2.308729600038041e-09 0.00044389955713140783
0.0005731741389587115 0.07734283876416329
0.13397065890937113 0.3907001962836692
0.0003221356378742347 0.023300997733989533
5.781734705662763e-06 0.003556819091407559
1.0377136918864007e-07 0.0005429364953993853
1.8625027974282748e-09 8.287743358909825e-05
0.0005710920965187969 0.0684031372117563
0.13390537582337933 0.37280929016378345
0.00032150819774607724 0.019317321354530615
5.764850861232778e-06 0.002684852038929153
1.0336752121793071e-07 0.00037315890431420453
1.8534468106698716e-09 5.186414962536119e-05
0.0005439121053244446 0.0640305619885383
0.13303669882934988 0.3638487482987004
0.00031324622006314104 0.017526029600364947
5.544070683285029e-06 0.0023201994060481936
9.81231943838458e-08 0.00030716171355286834
1.736659185301911e-09 4.066388346914981e-05
0.00054164993058818 0.060903368584431426
0.1329629756067553 0.3573385264772987
0.0003125524466322925 0.016304946151995008
5.525662487718769e-06 0.002081991985047441
9.768903189583207e-08 0.00026585126901945683
1.7270593298007813e-09 3.394676720508372e-05
0.0005278885550291508 0.038713775357464765
0.13250955909796727 0.30754470611560253
0.0003083108693025742 0.008946085056525428
5.413563728423712e-06 0.0008461542390043841
9.5055592130109e-08 8.003243783858757e-05
1.6690605391351994e-09 7.569767793072766e-06
0.0005089216996062857 0.02363373934680291
0.1318701655368687 0.2670169962009125
0.0003024030766996314 0.005083415678399323
5.258711047965644e-06 0.0003624377587005983
9.144762079740315e-08 2.5841114959396042e-05
1.5902504003791536e-09 1.8424217850225318e-06
0.0004973353989106046 0.017742818006803267
0.13147090055912794 0.24802974691678753
0.00029875731743748783 0.003784557260502861
5.163900039994272e-06 0.0002328212522381567
8.925593472244386e-08 1.4322873658024922e-05
1.5427529234640248e-09 8.81125360557284e-07
0.0006540759714004589 0.18167431475074727
0.13638309483968158 0.5863246777851401
0.0003459729664809372 0.11818236980768439
6.435217768207838e-06 0.0406283365555167
1.1969729353561972e-07 0.01396707253336027
2.226411381217702e-09 0.0048015530954751365
0.0006137437650385275 0.06468233320579397
0.13520944482624228 0.3651944595752778
0.00033421667809200824 0.017786754903077004
6.110013606954036e-06 0.002372166022067083
1.1170078791485706e-07 0.0003163686499821338
2.042068450813147e-09 4.219313562391436e-05
0.0005375935456784898 0.021739049458424514
0.13283021190342528 0.261189002451111
0.0003113059789949437 0.0046539267860849194
5.492640727569132e-06 0.00031748946590558897
9.691141255800032e-08 2.1659034530238712e-05
1.7098918989634087e-09 1.4775727296778154e-06
0.0005084414199260063 0.009506376429841527
0.1318537487831102 0.2147862043865896
0.00030225251800888414 0.0021282641699505215
5.254784271970744e-06 9.818345271206554e-05
9.135658464271083e-08 4.529508377095182e-06
1.5882717777966384e-09 2.0896032448912042e-07
0.0004351461757779286 0.007479064606997662
0.12920182842821276 0.20426307047779485
0.0002786600039091378 0.001740842271200563
4.65170278592109e-06 7.263386183203013e-05
7.76513977786407e-08 3.030531813198734e-06
1.2962435165089184e-09 1.2644409699773921e-07
0.0003197262440355316 0.006057321988482611
0.12425377198412793 0.19582932523306826
0.00023836271643881473 0.001470655359215306
3.6800819438887916e-06 5.639834564544051e-05
5.68167845880908e-08 2.1628271855887003e-06
8.771943288627661e-10 8.29425292743443e-08
0.0002522786771769722 0.002425117717057896
0.1207004067951007 0.1660612292162126
0.00021224376215582918 0.0007604540782351138
3.092091968973734e-06 2.097053401718444e-05
4.504741457406018e-08 5.782904051044166e-07
6.562772324268107e-10 1.594712811613609e-08
0.00021354084874755742 0.0012711279482240437
0.118319637552434 0.14997336567942227
0.00019598702586981308 0.000505890532428114
2.7437275477749117e-06 1.137849512331937e-05
3.841091430929478e-08 2.559252308004007e-07
5.377350018854804e-10 5.756272956166736e-09
0.00016181373648082166 0.0008671454025647378
0.11455981128108653 0.1418378577645073
0.00017223807307164426 0.00040473303459274566
2.2604439212248965e-06 8.142410243404032e-06
2.966595381543307e-08 1.6380882929065268e-07
3.893345052782878e-10 3.2955024067119705e-09
0.0006238896223242518 0.1780508534354389
0.13550985481333444 0.5794796712375166
0.00033719685852700703 0.11275941659691634
6.191919190796633e-06 0.03786423878938738
1.1370172140048241e-07 0.012714686031276932
2.0878956993897124e-09 0.004269549475777652
0.0005164240197517825 0.07838024149385649
0.1321251390247304 0.392744685232461
0.00030474867718023526 0.023792565132218644
5.320013614878346e-06 0.003669964812755988
9.287175624310326e-08 0.0005660861555708663
1.6212671117150178e-09 8.731787684044744e-05
0.00036149584054943857 0.056639392972193836
0.1261788253203787 0.34830456087278033
0.0002534812965430302 0.014717588142624215
4.035700046131781e-06 0.0017854799110254705
6.42527676971356e-08 0.00021660740073591286
1.0229744801522506e-09 2.62779579674022e-05
0.0003560616402114601 0.03096442282336944
0.1259381336946387 0.2877767086672888
0.0002515527169774588 0.006858396117118078
3.989730112961847e-06 0.0005679810513354167
6.327876941874147e-08 4.7037597299300336e-05
1.003627449922336e-09 3.895439037075466e-06
0.0003201632670445436 0.022305007133749725
0.1242748642022327 0.26295416818734035
0.00023852460701576897 0.004781016444694831
3.683831723290582e-06 0.0003305828779919766
5.689398815202702e-08 2.2858118244442402e-05
8.78684514110109e-10 1.580522176014185e-06
0.00031128457400424864 0.018837242097326443
0.12384203003327099 0.2517674448476811
0.00023521891892929088 0.004017892281974717
3.607516901080004e-06 0.00025468152046774224
5.5327939822264315e-08 1.6143458389552005e-05
8.485562254911841e-10 1.0232829154489276e-06
0.0002663881958063148 0.01367300610591559
0.12149847573681363 0.23297360477284548
0.00021791308951293566 0.0029459602194304747
3.216806792041887e-06 0.00015989700057637726
4.748611458107271e-08 8.678681614466852e-06
7.009843064200431e-10 4.710502029042591e-07
0.0002577817374802872 0.009106052809330785
0.12101560199808113 0.212819572461942
0.00021446946195080788 0.0020513807016155484
3.1408572134448214e-06 9.291148433978633e-05
4.5997150109469036e-08 4.2081627829607e-06
6.736179566318247e-10 1.9059682593309292e-07
0.0002419101934495636 0.006654185581997965
0.12009207696654393 0.19950088025953658
0.00020799716888122782 0.001584087857818135
2.999757414931048e-06 6.304764913332268e-05
4.3262822262606006e-08 2.5093343412868475e-06
6.239410496361286e-10 9.98730154560745e-08
0.0009509780730546078 0.17974604251367507
0.14371905575541155 0.5826791742506818
0.0004266359232702359 0.1152704488772085
8.812236237896527e-06 0.03913604876811043
1.8201821102464663e-07 0.013287276384353137
3.759616543430415e-09 0.0045112299087804114
0.0008119039883714633 0.1275874138144381
0.14052584980974778 0.4856836132284867
0.0003899643275355812 0.05564341847505996
7.700826198746095e-06 0.01312564653410971
1.5207217675027806e-07 0.0030961900195906437
3.0030475100624072e-09 0.000730355842853187
0.0007976062051795914 0.09734280857350137
0.14017586768055593 0.4292736426573757
0.00038609396401112137 0.03395759268205655
7.58646604226812e-06 0.006257564604535088
1.4906854904582107e-07 0.0011531181007604608
2.929088747095062e-09 0.0002124918300224568
0.0007354631362724733 0.09611051357799077
0.13859994381459143 0.4269387112824103
0.00036902196482725995 0.03322478194422217
7.088891436086491e-06 0.006056102388057525
1.3617721052497147e-07 0.0011038861352411112
2.6159566461917737e-09 0.0002012126812750944
0.0007242073772385627 0.08822542425552252
0.13830430781458192 0.4118853469915893
0.0003658835041687139 0.028780966105435842
6.998649509223599e-06 0.004882677633672352
1.3387073862277727e-07 0.0008283440099622469
2.56069040688338e-09 0.00014052817947849365
0.0005823099476054171 0.05885750706339035
0.134255080456102 0.35302807652411444
0.0003248799552780478 0.015532343476082174
5.855774916906246e-06 0.0019357776829717424
1.0554698534146633e-07 0.00024125369385899248
1.902423893122815e-09 3.006716386525161e-05
0.0005707087375008166 0.051975717601042894
0.1338933364934376 0.3381830314634683
0.00032139258711414353 0.013079985160974092
5.761741680171297e-06 0.001495928639923066
1.0329319505192233e-07 0.00017108601181130246
1.8517810648736453e-09 1.9566724412069863e-05
0.0005704727556071463 0.040316883153552814
0.13388592257432952 0.3114309198462558
0.00032132140864315204 0.009406908376494345
5.759827716041995e-06 0.0009123686856937841
1.0324744765241951e-07 8.848992520375947e-05
1.850755955260483e-09 8.582568631903994e-06
0.0005385416512823488 0.03828238751683846
0.1328613086802575 0.3064884827466626
0.000311597599776936 0.008823819930922844
5.500360511419095e-06 0.0008288672022342582
9.709306418674759e-08 7.785979817335123e-05
1.7138991332660305e-09 7.313774939162903e-06
0.0009861786583794327 0.14945689809543425
0.14447374159926754 0.5261088806050519
0.0004356680194543272 0.07661301092285296
9.093551319373395e-06 0.02120575775621275
1.8980662317525605e-07 0.005869553442665187
3.961769493117691e-09 0.0016246369506041013
0.0009120371047976407 0.13152127948499368
0.1428606147041204 0.492954055053494
0.00041653361735078005 0.059050798405022926
8.501099256541317e-06 0.014349562523621975
1.7350025438332606e-07 0.0034869967922706584
3.540993624785182e-09 0.0008473531237826733
0.0008555128152647275 0.12022157045357643
0.14156667194082453 0.4720501873213408
0.0004016465952446341 0.04965382362307394
8.049448658937949e-06 0.011064430007936788
1.6131998747160693e-07 0.0024655022003913355
3.233033647458913e-09 0.0005493912561039398
0.0008511780906101751 0.11183790283157521
0.14146494232126008 0.4564741090763692
0.00040049334826487845 0.0434174785739351
8.014805010618255e-06 0.009046839758151713
1.6039492200441324e-07 0.001885077445718114
3.2098760943926296e-09 0.0003927909713613762
0.0008129292193896466 0.10623185646146165
0.14055077465484658 0.4460042206183115
0.0003902410705477748 0.03956907283180613
7.709025132889371e-06 0.007871070661426817
1.5228809314227336e-07 0.0015657115247687777
3.00837822073845e-09 0.0003114509682662901
0.0007347250266025232 0.09874291336378446
0.13858065774728892 0.43192147797535396
0.0003688166112922322 0.034803202004180384
7.082975014377585e-06 0.006492751830761453
1.3602569276508552e-07 0.0012112628697437855
2.612318842670291e-09 0.00022596855352900288
0.0007307845785378508 0.0809908419764121
0.13847746012560289 0.3978643924164891
0.0003677192430388091 0.025057647282189
7.051386764881698e-06 0.003966527207314244
1.3521744170103475e-07 0.0006278856873185938
2.592930603556175e-09 9.939183969608648e-05
0.0007111853209905587 0.06571836710951977
0.13795810255218163 0.3673260762938296
0.00036223369850005754 0.018205685627791828
6.894190429873985e-06 0.0024564648760469856
1.3121325232903057e-07 0.00033144698917798594
2.497308097576955e-09 4.4721627289024036e-05
0.0006790762053994172 0.0558794505277188
0.137084378578323 0.3466734937278483
0.0003531440315541952 0.014443836011191032
6.636327437359228e-06 0.001735896483958277
1.247107070223504e-07 0.0002086243987181789
2.3435794259427585e-09 2.5073004146696457e-05
0.0011706298565729981 0.19707531196296738
0.14814346602290757 0.6156993498772378
0.0004816482708043128 0.14370595993763405
1.057048728513144e-05 0.05447687289948773
2.319850567687846e-07 0.02065140292159688
5.091256922442533e-09 0.007828651314421366
0.00106835578368787 0.12642422870309458
0.1461639035802993 0.48353277567055336
0.00045641565535049474 0.05466428476661453
9.750812353501253e-06 0.012780725437110138
2.0831525044902162e-07 0.002988184029045525
4.450423410522974e-09 0.0006986492148181025
0.0009153656249930896 0.08934492766579986
0.14293500195509282 0.4140356755419279
0.0004174018482422974 0.029386715977360027
8.527692891157614e-06 0.005037633673508255
1.7422430291608585e-07 0.000863579075934027
3.5594747740118887e-09 0.00014803950996137191
0.0007364881615905557 0.03716264173278439
0.13862670351012701 0.3037250716651687
0.0003693070378328531 0.008509863085821412
7.097107377191215e-06 0.000785025671849689
1.3638768819287639e-07 7.241776973942593e-05
2.6210117026521767e-09 6.680460986295822e-06
0.0006939551911725284 0.020235103230043548
0.1374928936431271 0.25638814134816174
0.00035737239978313596 0.004321074320295307
6.755873557099751e-06 0.0002840452976981736
1.2771503212675754e-07 1.867168328151555e-05
2.414362745732169e-09 1.2273808416842137e-06
0.000584825821472114 0.013991998899804618
0.1343328323639234 0.23423210268559327
0.00032563320761549183 0.0030101328841996055
5.876152129168541e-06 0.0001651499712136412
1.0603698590195402e-07 9.060899980539835e-06
1.913470266257754e-09 4.971233591747997e-07
0.0005760105577084187 0.009715664753359107
0.13405931694137024 0.21579555378718313
0.00032298920610053977 0.0021685526423299746
5.804729861301463e-06 0.00010098455449625338
1.0432202725745695e-07 4.702620562556315e-06
1.8748650895298558e-09 2.1899032248736556e-07
0.0005529381520706772 0.007711902159455746
0.1333286329934956 0.20555025108439587
0.00031600481888747334 0.0017851390342328464
5.617467365859536e-06 7.542374103399582e-05
9.985904556010484e-08 3.18672137154178e-06
1.7751467575547348e-09 1.3464186422765562e-07
0.0004944069043107827 0.006878887068948269
0.13136890082241215 0.20083150656846818
0.0002978312502180151 0.0016267746073556613
5.139908606800079e-06 6.561317855992578e-05
8.870345360642592e-08 2.646395623137166e-06
1.5308254063696038e-09 1.0673785278918015e-07
