Framework Atoms: 5
===============================================================================

  0   1  8.45689  1.12429  8.88658  1.00000  2.05000  1.00000
  1   1 18.46789  8.82521 11.18792  1.00000  2.05000  1.00000
  2   1 11.56511 18.77471  4.49642  1.00000  2.05000  1.00000
  3   1  1.55411 11.07379  2.19508  1.00000  2.05000  1.00000
  4   1  8.45689  8.82521  8.88658  1.00000  2.05000  1.00000

Force field: 5
===============================================================================

  0   0   0 0 44.06662  3.30000  0.00000 -0.07620
  0   1   4 0 28.39116  2.80000  0.00000 -0.01832
  0   2   8 0 76.20553  3.51000  0.00000 -0.19078
  0   3  12 0 33.11669  3.02250  0.00000 -0.03381
  0   4  16 0 56.02589  3.15850  0.00000 -0.07449
  1   0  20 0 28.39116  2.80000  0.00000 -0.01832
  1   1  24 0 18.29181  2.30000  0.00000 -0.00363
  1   2  28 0 49.09756  3.01000  0.00000 -0.04890
  1   3  32 0 21.33636  2.52250  0.00000 -0.00736
  1   4  36 0 36.09626  2.65850  0.00000 -0.01707
  2   0  40 0 76.20553  3.51000  0.00000 -0.19078
  2   1  44 0 49.09756  3.01000  0.00000 -0.04890
  2   2  48 0 131.78415  3.72000  0.00000 -0.46742
  2   3  52 0 57.26954  3.23250  0.00000 -0.08749
  2   4  56 0 96.88699  3.36850  0.00000 -0.18952
  3   0  60 0 33.11669  3.02250  0.00000 -0.03381
  3   1  64 0 21.33636  2.52250  0.00000 -0.00736
  3   2  68 0 57.26954  3.23250  0.00000 -0.08749
  3   3  72 0 24.88767  2.74500  0.00000 -0.01426
  3   4  76 0 42.10425  2.88100  0.00000 -0.03225
  4   0  80 0 56.02589  3.15850  0.00000 -0.07449
  4   1  84 0 36.09626  2.65850  0.00000 -0.01707
  4   2  88 0 96.88699  3.36850  0.00000 -0.18952
  4   3  92 0 42.10425  2.88100  0.00000 -0.03225
  4   4  96 0 71.23079  3.01700  0.00000 -0.07194

Adsorbate Component 0 (methane): 3
===============================================================================

0   2 19.54630 23.13125 19.17187  1.00000 0.00000  1.00000 0
1   2 11.13000 23.13125 19.17187  1.00000 0.00000  1.00000 1
2   2 1.130000 23.13125 19.17187  1.00000 0.00000  1.00000 2

Cell and InverseCell
===============================================================================

40.04400  0.00000  0.00000  0.00000 39.79800  0.00000  0.00000  0.00000 26.76600
 0.02497  0.00000  0.00000 -0.00000  0.02513  0.00000 -0.00000 -0.00000  0.03736

Other Params: Cutoffs, alpha, prefactors
===============================================================================

100000.00000 144.00000 144.00000 138935.48350  0.26506
