0.0003648529720398999 0.16663784196286083
0.1263261705297239 0.5580567558878942
0.0002546673823190752 0.09698698983856101
4.064058833789647e-06 0.03020440053082946
6.485547561725002e-08 0.009406476197945136
1.034983224791923e-09 0.0029294338873633837
0.0002719135732963571 0.07235672786372693
0.12180228966324301 0.38078601884619384
0.0002201008953895103 0.0210244177271643
3.2653723723803003e-06 0.003048498356535071
4.844440415126416e-08 0.0004420261407663005
7.187113829410736e-10 6.409290288836719e-05
0.0002653850786420362 0.03818978936099688
0.12144280867518666 0.30626116403795633
0.0002175139981815437 0.008797670968968137
3.2079738320763274e-06 0.0008251854716982252
4.73123394049206e-08 7.739901447822475e-05
6.977792142766901e-10 7.259710268373753e-06
0.00020139594486648813 0.021318829211601092
0.11750553084064938 0.25986414432016874
0.00019064843087589133 0.0045602162857419125
2.632387699443687e-06 0.00030794854881548487
3.6346824195439516e-08 2.0795572572745764e-05
5.018605843559364e-10 1.4043119874789626e-06
0.00017812459677502555 0.007300659029154803
0.11583422230093257 0.20326068114100448
0.0001800311057039167 0.0017069213336710185
2.415579432959264e-06 7.052129188605493e-05
3.2411199020974824e-08 2.9135804393412486e-06
4.348794362312964e-10 1.2037429759834805e-07
0.00016149516773656742 0.0050746846278061225
0.11453395404041185 0.18926880338220345
0.0001720826226163585 0.0012832643976345467
2.2573844257200385e-06 4.596996978681471e-05
2.961242900652406e-08 1.646767514236356e-06
3.884566322312266e-10 5.899162558775509e-08
0.00010805915741453925 0.002949004873250484
0.10949506460822703 0.17163588315484715
0.00014374017747223683 0.0008678253979459166
1.723325304752158e-06 2.5565161123018847e-05
2.0661238619750137e-08 7.531209213199884e-07
2.4771108514747177e-10 2.2186096125135306e-08
0.00010106973489185966 0.002146112968973891
0.10869919866372181 0.16275784723013761
0.0001396064133869357 0.0007017262899313577
1.6495217817774898e-06 1.85888114064649e-05
1.9489950658763985e-08 4.92419785980828e-07
2.30283819757583e-10 1.3044257662492321e-08
8.921670449404778e-05 0.001549999764960029
0.1072450202912337 0.15457143871431278
0.00013228437291030735 0.0005708434168789805
1.5214679712282078e-06 1.3638779103859807e-05
1.7499155316273255e-08 3.258622065940695e-07
2.01266436477041e-10 7.785607265704971e-09
0.0006408271513673482 0.1608444941710001
0.1360035214412349 0.5472503458317401
0.0003421374494981189 0.08969003195777159
6.328501980362865e-06 0.02686063455025973
1.1705803434907787e-07 0.008044301832586089
2.1652175267051453e-09 0.0024091311712188188
0.0005592715130648253 0.12211243334799311
0.13353139616909485 0.47555344431051255
0.0003179315003855196 0.051144310259489095
5.66892014505325e-06 0.011566340918982187
1.0108043893738768e-07 0.0026157404719188812
1.8023282872824775e-09 0.0005915525285274492
0.0004621976469016296 0.10586057587780577
0.1302165066026307 0.4453088636473259
0.00028751741843952754 0.039322883671403575
4.875242698098848e-06 0.007797727204559068
8.266626590613037e-08 0.001546289180234738
1.4017171948235378e-09 0.0003066291197662152
0.00046004721921462166 0.06544962170763768
0.13013747918158725 0.3667740063607819
0.00028682008491260133 0.018096483735511176
4.857517121612762e-06 0.0024343963894773732
8.226576110927185e-08 0.00032748272358962055
1.3932334732853872e-09 4.4054014667964416e-05
0.0004273832895934061 0.05130875653043067
0.12890203684157414 0.33671237118926106
0.0002760826529767291 0.012853940716820934
4.587316228092919e-06 0.001457318368357972
7.622163127466902e-08 0.00016522379195154705
1.2664784342950952e-09 1.8732283912407584e-05
0.00040921885672185 0.036853320128643105
0.12818441421138432 0.3029559809569943
0.0002699857809227318 0.008423995438958276
4.4362022554845395e-06 0.0007731738989504858
7.289232190045733e-08 7.096369915558983e-05
1.1977115302781775e-09 6.513213398280479e-06
0.000378952117765302 0.02476165769163944
0.1269341479856756 0.2703828896386482
0.00025960549992758906 0.00534461985247308
4.182835965652784e-06 0.0003907286265550509
6.739501559265343e-08 2.8564961367449366e-05
1.0858872219783907e-09 2.0882959744156653e-06
0.0003534241351738195 0.019209556288719613
0.1258203216629035 0.25301419604425385
0.0002506127514181931 0.004098071737092208
3.967388652401333e-06 0.00026234291190772396
6.280675117339705e-08 1.6794191962353943e-05
9.942781861236153e-10 1.0751000727155143e-06
0.0003191103701810619 0.013053678745092556
0.12422401100414306 0.23048456697007966
0.00023813443009702308 0.0028220675371856156
3.674796440715142e-06 0.00014991707648239912
5.670800679763397e-08 7.964065184436886e-06
8.750955561322692e-10 4.230761148107516e-07
0.0006789818694979969 0.1352358923189902
0.1370817678822119 0.49981639872523564
0.0003531171305922432 0.0624082499143829
6.635569162366111e-06 0.015590606348102044
1.2469170791769936e-07 0.0038947896573760733
2.343133142461096e-09 0.0009729824572891168
0.000637492268356036 0.1177753040083565
0.13590707983561764 0.46751327985925706
0.0003411680274077654 0.04777226212629569
6.3016240027729866e-06 0.01044151964510287
1.1639562292530575e-07 0.002282189028663506
2.1499126304914867e-09 0.0004988150134827203
0.0005831371897882339 0.09833785967115663
0.13428067305555275 0.43115599035637064
0.0003251277492622632 0.03455713246626192
5.862475710946841e-06 0.006424015004393863
1.057080533403451e-07 0.0011941954042907737
1.9060535330048327e-09 0.00022199553747209288
0.0005504201266450302 0.08558598253816443
0.13324754492699653 0.4067961372855095
0.00031523676622276713 0.02738465549544699
5.596999854714641e-06 0.004531697610165138
9.937421877858755e-08 0.000749919356604315
1.764380134749541e-09 0.00012409897786391276
0.0005401383316480098 0.08352121189553101
0.13291358723627036 0.4027946465010439
0.000312088321716056 0.02632296213448935
5.5133590550182136e-06 0.004270730224365134
9.739912055154447e-08 0.0006928983355337601
1.7206549744986547e-09 0.00011241826998258262
0.0004983827297288856 0.080118505388818
0.13150727170890458 0.3961575219308513
0.00029908805700252264 0.024630409112021308
5.172477463295552e-06 0.0038655156715129623
8.945366584154423e-08 0.0006066570530255422
1.5470262343864037e-09 9.520923241829403e-05
0.000487865196025711 0.05078813468302906
0.13113943307663073 0.3355600515699158
0.00029575575722156104 0.012678883457103484
5.0862746910513595e-06 0.0014276492279555386
8.747146792969896e-08 0.00016075408571881238
1.5042950226887564e-09 1.8100998178872036e-05
0.00047873525663998535 0.02891760388072794
0.13081535039616873 0.282222409249179
0.00029284299192690257 0.006344040983649943
5.011321353358489e-06 0.000505299617990362
8.575701792069992e-08 4.024685600223014e-05
1.4675303386246746e-09 3.205641485553516e-06
0.0004650491445875146 0.02235903432159759
0.13032087982511864 0.26312155492251804
0.00028844034962966164 0.004793201734692484
4.89873582679973e-06 0.00033184750881101136
8.319783529448146e-08 2.2974782869459042e-05
1.4129930746254638e-09 1.590612054886319e-06
0.0006095432831924038 0.18355948337863356
0.1350840113624494 0.5898951536224752
0.00033297819492613724 0.12108749998008601
6.076082919650513e-06 0.042135579282985114
1.1087447829626864e-07 0.014662182651427332
2.0232031228067616e-09 0.005102091955589373
0.0005309607839979422 0.12298738745765263
0.13261153067157763 0.47717357421421275
0.00030926099708769085 0.05184483994432342
5.438607630021325e-06 0.011804791126369733
9.564236431967272e-08 0.0026878874288525137
1.6819492184291183e-09 0.0006120175065228081
0.0005156196246311457 0.021247246369257226
0.13209793188273974 0.25963721582359484
0.0003044977399272265 0.004544308153595246
5.313444030582081e-06 0.0003063385556629199
9.271887362078887e-08 2.0650736594832235e-05
1.6179316985420567e-09 1.3920967962595978e-06
0.0004612885117578249 0.010681990501370309
0.13018312947655858 0.22030332706310016
0.00028722274562618954 0.0023555060497613507
4.867749760777162e-06 0.00011432108457438118
8.249690560504677e-08 5.548408750462322e-06
1.3981284513116437e-09 2.692840063302339e-07
0.00036279735224512114 0.007973735804277605
0.12623606986168143 0.20697068308242875
0.0002539416050958992 0.0018349968878490777
4.046697960225742e-06 7.860551149325439e-05
6.448633879868164e-08 3.3672135784158e-06
1.0276249753580263e-09 1.4424086895790673e-07
0.0003166362598486769 0.006503081403644644
0.12410401726900902 0.1985908331167648
0.0002372156620166586 0.001555381005388853
3.6535498680265078e-06 6.134161225397222e-05
5.6271270306001606e-08 2.4192100719244393e-06
8.666792506547837e-10 9.54095785397565e-08
0.00025466320217583144 0.0028104737530093124
0.12083761743680298 0.17023008699280967
0.0002132105127960178 0.0008397408576686565
3.113242295766398e-06 2.4334247815076885e-05
4.5458722766740875e-08 7.051647080380908e-07
6.637759863386054e-10 2.0434462130954293e-08
0.00021231503085515592 0.0017957116463021645
0.11823909740134596 0.15816893829852824
0.00019545393718821332 0.00062587095533823
2.7325406717524273e-06 1.5657672200990325e-05
3.820224156237404e-08 3.9171445273598874e-07
5.340858328209372e-10 9.799682258806662e-09
0.0001547217706423765 0.000904424089297345
0.11397463410571626 0.14268974368855722
0.0001687457434106231 0.00041454437961479417
2.192043861775388e-06 8.440274029459064e-06
2.8475125919203852e-08 1.7184704267021457e-07
3.69898071043981e-10 3.4988681613209665e-09
