x y z charge scale scaleCoul Type
 0 0 7.63298  7.10367  10.7067 0 1 1 13
 1 0 23.1131  6.08408  12.0979 0 1 1 13
 2 0 29.6148  21.6628  21.3137 0 1 1 13
 3 0 29.9999  21.281  12.6525 0 1 1 13
 4 0 24.634  28.6664  29.8417 0 1 1 13
 5 0 1.40519  6.10537  13.8969 0 1 1 13
 6 0 7.57765  26.914  19.0848 0 1 1 13
 7 0 29.8662  27.8581  19.873 0 1 1 13
 8 0 3.91911  4.62114  23.0015 0 1 1 13
 9 0 12.7955  23.8844  0.143952 0 1 1 13
 10 0 24.1558  26.9969  13.7785 0 1 1 13
 11 0 14.8278  4.49542  28.3735 0 1 1 13
 12 0 11.6706  28.8174  23.8324 0 1 1 13
 13 0 12.5325  23.4922  26.5015 0 1 1 13
 14 0 31.0976  10.6332  24.9078 0 1 1 13
 15 0 0.755667  1.44042  20.5575 0 1 1 13
 16 0 0.151798  27.9575  1.76584 0 1 1 13
 17 0 2.87985  25.2902  4.66208 0 1 1 13
 18 0 23.203  10.9049  24.6285 0 1 1 13
 19 0 8.624  25.2543  12.2015 0 1 1 13
 20 0 7.34044  28.277  6.37756 0 1 1 13
 21 0 28.5592  4.9004  12.7137 0 1 1 13
 22 0 16.8162  5.34393  2.39454 0 1 1 13
 23 0 2.75664  19.7275  1.33921 0 1 1 13
 24 0 26.3068  2.21496  29.2899 0 1 1 13
 25 0 23.5596  19.7961  7.56681 0 1 1 13
 26 0 4.41051  16.4598  24.6013 0 1 1 13
 27 0 3.84818  31.2172  25.1487 0 1 1 13
 28 0 5.42584  5.71754  13.8454 0 1 1 13
 29 0 5.69873  13.9925  29.5903 0 1 1 13
 30 0 24.0046  28.4575  3.58619 0 1 1 13
 31 0 1.14779  16.4459  6.00256 0 1 1 13
 32 0 27.9735  19.0999  26.6486 0 1 1 13
 33 0 -1.72119  4.46295  5.32397 0 1 1 13
 34 0 3.86371  23.5469  8.42478 0 1 1 13
 35 0 25.9918  5.76659  28.2356 0 1 1 13
 36 0 24.3044  21.7441  28.2609 0 1 1 13
 37 0 27.5224  8.85487  8.6352 0 1 1 13
 38 0 6.31796  10.4434  8.21418 0 1 1 13
 39 0 3.55055  20.1365  22.2157 0 1 1 13
 40 0 0.765473  30.1731  9.95449 0 1 1 13
 41 0 3.20984  8.82908  9.97395 0 1 1 13
 42 0 9.64066  1.25246  6.90837 0 1 1 13
 43 0 11.0023  28.3005  4.76403 0 1 1 13
 44 0 20.7628  3.3833  21.466 0 1 1 13
 45 0 7.19527  2.34478  11.5583 0 1 1 13
 46 0 23.7412  24.453  0.989705 0 1 1 13
 47 0 14.7685  28.5075  6.39542 0 1 1 13
 48 0 4.02234  28.2087  -0.203659 0 1 1 13
 49 0 2.28192  5.46399  4.06984 0 1 1 13
 50 0 26.5954  28.5209  25.2937 0 1 1 13
 51 0 28.8073  18.8307  6.76788 0 1 1 13
 52 0 10.7904  28.372  0.796197 0 1 1 13
 53 0 21.9949  27.5569  23.9395 0 1 1 13
 54 0 10.6371  26.2658  8.31784 0 1 1 13
 55 0 31.0468  10.0364  28.9172 0 1 1 13
 56 0 3.16098  3.65139  16.6954 0 1 1 13
 57 0 30.4052  1.38605  25.226 0 1 1 13
 58 0 27.2528  26.0686  4.13628 0 1 1 13
 59 0 8.51486  29.426  27.3299 0 1 1 13
 60 0 18.0509  1.64607  4.5132 0 1 1 13
 61 0 22.6103  -0.0795077  13.2988 0 1 1 13
 62 0 30.3903  20.752  29.9771 0 1 1 13
 63 0 8.5043  0.600795  33.8662 0 1 1 13
 64 0 26.9727  8.08663  4.73514 0 1 1 13
 65 0 4.2128  10.1575  28.0439 0 1 1 13
 66 0 2.28994  4.23368  0.139912 0 1 1 13
 67 0 17.3173  24.2589  1.46088 0 1 1 13
 68 0 0.458069  24.5545  10.54 0 1 1 13
 69 0 3.03824  4.22637  26.7066 0 1 1 13
 70 0 11.5595  27.5815  19.0335 0 1 1 13
 71 0 8.52541  29.2167  10.262 0 1 1 13
 72 0 27.7872  22.1134  17.1618 0 1 1 13
 73 0 4.90163  13.679  5.7048 0 1 1 13
 74 0 10.4894  7.6667  2.81357 0 1 1 13
 75 0 26.4225  15.9771  27.9583 0 1 1 13
 76 0 2.77481  23.2762  18.3502 0 1 1 13
 77 0 2.6278  13.4404  26.5989 0 1 1 13
 78 0 32.1994  0.204217  29.132 0 1 1 13
 79 0 28.3441  29.4476  28.5745 0 1 1 13
 80 0 3.76237  27.6093  7.94607 0 1 1 13
 81 0 1.36631  24.8399  21.9762 0 1 1 13
 82 0 26.8521  24.3178  13.4525 0 1 1 13
 83 0 27.5268  0.451587  21.8136 0 1 1 13
 84 0 28.1075  26.6602  16.4479 0 1 1 13
 85 0 6.7008  27.5605  2.80153 0 1 1 13
 86 0 3.46353  29.3719  4.36299 0 1 1 13
 87 0 20.4249  29.7125  20.3757 0 1 1 13
 88 0 0.217785  6.17731  9.76122 0 1 1 13
 89 0 29.5761  10.9717  2.58686 0 1 1 13
 90 0 25.7808  29.49  6.80853 0 1 1 13
 91 0 23.1368  19.2687  3.70549 0 1 1 13
 92 0 0.887352  5.2965  19.5596 0 1 1 13
 93 0 13.9889  26.4877  3.11383 0 1 1 13
 94 0 2.0467  7.7258  0.950703 0 1 1 13
 95 0 9.37616  21.7573  28.5041 0 1 1 13
 96 0 25.9581  16.1838  23.8479 0 1 1 13
 97 0 28.9165  3.61377  1.28921 0 1 1 13
 98 0 16.9325  4.09061  24.669 0 1 1 13
 99 0 30.0133  26.7855  7.37076 0 1 1 13
 100 0 -0.0856839  16.2342  24.8726 0 1 1 13
 101 0 2.68085  14.9544  11.7309 0 1 1 13
 102 0 19.8609  27.8703  7.39054 0 1 1 13
 103 0 1.96458  20.249  5.04608 0 1 1 13
 104 0 4.68197  29.5944  11.1532 0 1 1 13
 105 0 29.9122  0.026467  5.77076 0 1 1 13
 106 0 25.8254  23.4505  23.3847 0 1 1 13
 107 0 10.2671  4.35242  9.33733 0 1 1 13
 108 0 28.81  7.66703  0.4171 0 1 1 13
 109 0 12.1226  20.6377  21.3347 0 1 1 13
 110 0 22.5385  3.56492  29.8168 0 1 1 13
 111 0 5.55629  1.23314  8.19786 0 1 1 13
 112 0 20.7251  22.8738  7.20204 0 1 1 13
 113 0 4.28241  16.2697  2.50405 0 1 1 13
 114 0 1.66799  23.786  27.5389 0 1 1 13
 115 0 22.0912  8.33979  29.6257 0 1 1 13
 116 0 1.06398  8.95287  5.9122 0 1 1 13
 117 0 23.7128  -0.0418341  22.2323 0 1 1 13
 118 0 14.5609  26.4671  24.6741 0 1 1 13
 119 0 21.2825  -0.0281268  28.4415 0 1 1 13
 120 0 16.4833  25.4639  27.98 0 1 1 13
 121 0 0.995534  12.4071  8.27616 0 1 1 13
 122 0 25.666  13.5139  1.7991 0 1 1 13
 123 0 26.6222  21.4103  9.88539 0 1 1 13
 124 0 20.5976  25.0965  29.577 0 1 1 13
 125 0 25.5057  29.432  17.1564 0 1 1 13
 126 0 -0.374688  23.388  2.86493 0 1 1 13
 127 0 28.2097  12.6716  22.8844 0 1 1 13
 128 0 23.6125  2.71765  8.29682 0 1 1 13
 129 0 7.75282  26.1871  29.2588 0 1 1 13
 130 0 26.911  1.14137  10.4347 0 1 1 13
 131 0 5.3467  1.26502  29.9007 0 1 1 13
 132 0 24.6044  1.75542  2.44923 0 1 1 13
 133 0 9.60134  24.9128  2.38114 0 1 1 13
 134 0 18.195  27.0172  22.9923 0 1 1 13
 135 0 27.8521  23.9271  26.6121 0 1 1 13
 136 0 25.353  9.52256  31.2964 0 1 1 13
 137 0 20.9259  4.45082  3.11805 0 1 1 13
 138 0 27.5935  4.44081  8.90149 0 1 1 13
 139 0 19.6504  24.8961  25.7476 0 1 1 13
 140 0 6.63049  5.59845  1.22901 0 1 1 13
 141 0 18.1312  7.28719  27.2855 0 1 1 13
 142 0 0.446528  20.9579  24.8004 0 1 1 13
 143 0 16.7989  1.02437  9.01932 0 1 1 13
 144 0 14.0504  32.6089  5.76386 0 1 1 13
 145 0 26.381  26.4668  20.8356 0 1 1 13
 146 0 20.1132  27.1412  11.6978 0 1 1 13
 147 0 17.1309  25.0373  5.65712 0 1 1 13
 148 0 16.9776  21.8248  28.5397 0 1 1 13
 149 0 20.5916  31.1872  1.437 0 1 1 13
 150 0 25.4387  5.49112  2.46158 0 1 1 13
 151 0 6.50286  9.99779  1.19846 0 1 1 13
 152 0 6.97386  24.1007  5.29413 0 1 1 13
 153 0 9.23234  20.4368  24.612 0 1 1 13
 154 0 19.5573  0.772026  24.2169 0 1 1 13
 155 0 23.1024  23.6  10.8729 0 1 1 13
 156 0 24.718  8.62187  20.2389 0 1 1 13
 157 0 17.9574  28.5777  26.6679 0 1 1 13
 158 0 26.7302  21.6425  0.747143 0 1 1 13
 159 0 28.0156  24.9875  -0.210368 0 1 1 13
 160 0 28.5159  16.924  20.0332 0 1 1 13
 161 0 7.73337  29.6884  22.9222 0 1 1 13
 162 0 7.19408  22.0094  21.1795 0 1 1 13
 163 0 27.6504  30.2537  2.40781 0 1 1 13
 164 0 30.9533  27.5962  25.8012 0 1 1 13
 165 0 21.6469  31.3628  5.14726 0 1 1 13
 166 0 3.63247  23.7931  0.666031 0 1 1 13
 167 0 11.0828  24.3177  22.7928 0 1 1 13
 168 0 29.8166  4.57986  28.31 0 1 1 13
 169 0 24.0483  12.7161  28.4228 0 1 1 13
 170 0 5.00201  27.4585  26.0463 0 1 1 13
 171 0 0.12929  24.3726  14.8434 0 1 1 13
 172 0 28.2296  4.66611  24.822 0 1 1 13
 173 0 9.42252  8.16213  7.27923 0 1 1 13
 174 0 7.35732  2.95666  25.5234 0 1 1 13
 175 0 25.7964  2.7085  14.9515 0 1 1 13
 176 0 17.9747  0.355667  12.8182 0 1 1 13
 177 0 24.2592  25.7162  27.0496 0 1 1 13
 178 0 29.8478  22.8386  6.54032 0 1 1 13
 179 0 23.6959  28.7062  10.0331 0 1 1 13
 180 0 15.8814  -0.0739561  24.0688 0 1 1 13
 181 0 1.97381  28.8102  22.6824 0 1 1 13
 182 0 23.6715  2.33552  18.9197 0 1 1 13
 183 0 12.1029  1.9408  25.7581 0 1 1 13
 184 0 4.89456  1.13183  21.0279 0 1 1 13
 185 0 2.99038  26.6657  12.873 0 1 1 13
 186 0 24.9031  32.465  25.7402 0 1 1 13
 187 0 22.9444  25.9688  18.5331 0 1 1 13
 188 0 5.35023  2.57715  4.62274 0 1 1 13
 189 0 1.21386  1.62385  2.71759 0 1 1 13
 190 0 6.31647  26.5992  15.2634 0 1 1 13
 191 0 23.8277  17.0629  0.15848 0 1 1 13
 192 0 0.349231  6.99971  23.5682 0 1 1 13
 193 0 5.84145  30.729  16.5835 0 1 1 13
 194 0 8.87097  10.8546  4.79228 0 1 1 13
 195 0 28.4528  14.0258  5.13123 0 1 1 13
 196 0 13.5396  5.974  4.8797 0 1 1 13
 197 0 9.85003  2.6671  29.3955 0 1 1 13
 198 0 20.7875  22.579  2.93468 0 1 1 13
 199 0 1.92576  2.39301  7.17552 0 1 1 13
 200 0 6.24042  20.047  30.164 0 1 1 13
 201 0 23.8145  6.02088  17.4424 0 1 1 13
