x y z charge scale scaleCoul Type
 0 0 23.9597  20.6599  6.11878 0 1 1 20
 1 0 19.1463  34.0311  20.1273 0 1 1 20
 2 0 37.2136  6.07686  36.4625 0 1 1 20
 3 0 23.1302  34.5099  32.2209 0 1 1 20
 4 0 24.5538  35.4525  35.3493 0 1 1 20
 5 0 27.1346  34.0929  28.3652 0 1 1 20
 6 0 18.3279  35.9098  34.1648 0 1 1 20
 7 0 37.5433  11.4063  3.48297 0 1 1 20
 8 0 8.59689  17.6545  1.47786 0 1 1 20
 9 0 45.912  6.33913  35.6791 0 1 1 20
 10 0 8.16197  23.411  -2.81708 0 1 1 20
 11 0 13.3509  5.90495  31.2543 0 1 1 20
 12 0 23.5744  22.395  12.3006 0 1 1 20
 13 0 28.6311  41.6726  15.4264 0 1 1 20
 14 0 13.7219  35.4764  34.4538 0 1 1 20
 15 0 47.0324  1.46499  33.3909 0 1 1 20
 16 0 29.3224  0.0587633  -1.0809 0 1 1 20
 17 0 28.0399  38.1522  21.2572 0 1 1 20
 18 0 39.5429  17.8833  1.90164 0 1 1 20
 19 0 42.435  3.83265  22.3489 0 1 1 20
 20 0 24.1667  4.83826  1.621 0 1 1 20
 21 0 42.8943  6.13695  31.2322 0 1 1 20
 22 0 13.2292  26.2801  8.70127 0 1 1 20
 23 0 36.158  25.8006  2.5376 0 1 1 20
 24 0 8.03129  20.1928  3.61417 0 1 1 20
 25 0 44.8787  16.3064  36.8451 0 1 1 20
 26 0 38.5822  11.2182  14.7649 0 1 1 20
 27 0 27.9315  8.24601  6.05065 0 1 1 20
 28 0 31.8118  39.3849  29.3507 0 1 1 20
 29 0 34.9134  39.0662  32.0436 0 1 1 20
 30 0 36.543  3.16695  16.8942 0 1 1 20
 31 0 30.8798  40.5174  38.7817 0 1 1 20
 32 0 37.3007  12.1729  19.0462 0 1 1 20
 33 0 26.4988  5.36997  13.5908 0 1 1 20
 34 0 47.985  5.57819  26.6615 0 1 1 20
 35 0 20.4673  32.4934  22.9947 0 1 1 20
 36 0 29.0897  35.8881  18.3696 0 1 1 20
 37 0 38.199  9.4173  34.9053 0 1 1 20
 38 0 21.6708  40.8171  14.8656 0 1 1 20
 39 0 17.4209  12.2159  0.880363 0 1 1 20
 40 0 3.65902  38.5986  35.2361 0 1 1 20
 41 0 38.9324  14.5251  2.73251 0 1 1 20
 42 0 38.9923  38.7263  38.8104 0 1 1 20
 43 0 12.0123  1.92968  18.4685 0 1 1 20
 44 0 5.38876  31.7143  37.7895 0 1 1 20
 45 0 15.472  6.54126  23.3755 0 1 1 20
 46 0 34.0116  6.88109  28.2308 0 1 1 20
 47 0 14.9525  39.0998  33.7677 0 1 1 20
 48 0 14.3787  1.79299  11.4898 0 1 1 20
 49 0 5.14333  8.73311  17.8727 0 1 1 20
 50 0 26.8613  17.0787  7.07146 0 1 1 20
 51 0 38.0294  9.65456  7.32964 0 1 1 20
 52 0 40.5872  6.51817  22.4643 0 1 1 20
 53 0 2.32821  6.38748  36.9362 0 1 1 20
 54 0 31.0746  36.9884  22.6701 0 1 1 20
 55 0 21.8359  22.0971  8.48137 0 1 1 20
 56 0 32.616  9.61557  14.4221 0 1 1 20
 57 0 32.0055  18.3363  1.37257 0 1 1 20
 58 0 43.3171  3.83038  36.5291 0 1 1 20
 59 0 13.6146  4.23844  7.78852 0 1 1 20
 60 0 29.1244  21.9643  19.6931 0 1 1 20
 61 0 3.60679  3.50151  26.3477 0 1 1 20
 62 0 8.55169  7.7942  16.3988 0 1 1 20
 63 0 4.62464  28.1049  37.4687 0 1 1 20
 64 0 42.9173  13.8279  33.6115 0 1 1 20
 65 0 5.53598  3.28098  22.5161 0 1 1 20
 66 0 42.2074  3.09374  32.8623 0 1 1 20
 67 0 34.5574  35.3137  33.6092 0 1 1 20
 68 0 9.06765  9.75685  37.4699 0 1 1 20
 69 0 10.3695  4.4172  15.9372 0 1 1 20
 70 0 16.0042  37.5899  36.8038 0 1 1 20
 71 0 31.1372  10.885  7.64248 0 1 1 20
 72 0 3.87655  6.07062  33.4833 0 1 1 20
 73 0 27.7893  7.27628  23.1344 0 1 1 20
 74 0 22.1202  34.6853  25.4789 0 1 1 20
 75 0 28.8552  14.4654  17.3054 0 1 1 20
 76 0 17.2378  15.6988  2.0007 0 1 1 20
 77 0 23.9594  32.0793  22.506 0 1 1 20
 78 0 26.4114  12.5641  4.07187 0 1 1 20
 79 0 27.7526  30.3134  38.8401 0 1 1 20
 80 0 37.8144  34.1743  1.66083 0 1 1 20
 81 0 21.4315  6.60868  15.3731 0 1 1 20
 82 0 31.8943  41.2605  33.1983 0 1 1 20
 83 0 30.3821  29.1974  36.4819 0 1 1 20
 84 0 18.8923  4.88516  20.9705 0 1 1 20
 85 0 24.5604  28.3379  7.74737 0 1 1 20
 86 0 9.21401  4.09279  7.42722 0 1 1 20
 87 0 -0.0321183  9.42102  37.2531 0 1 1 20
 88 0 1.61619  3.90711  31.4036 0 1 1 20
 89 0 24.1014  8.77599  13.2916 0 1 1 20
 90 0 46.0365  7.34113  18.424 0 1 1 20
 91 0 40.6879  3.88297  38.8815 0 1 1 20
 92 0 18.4412  17.216  5.32073 0 1 1 20
 93 0 40.298  4.49885  25.8776 0 1 1 20
 94 0 17.7714  23.6815  8.33723 0 1 1 20
 95 0 19.7404  18.8907  8.69588 0 1 1 20
 96 0 43.0818  13.6837  39.4383 0 1 1 20
 97 0 28.751  10.7653  24.1185 0 1 1 20
 98 0 33.3237  7.42795  23.489 0 1 1 20
 99 0 15.3636  18.7113  3.36804 0 1 1 20
 100 0 21.8551  29.2978  11.7478 0 1 1 20
 101 0 20.3287  8.52158  5.62131 0 1 1 20
 102 0 23.3276  30.624  15.4652 0 1 1 20
 103 0 12.7685  5.02365  34.8608 0 1 1 20
 104 0 24.8678  11.8193  17.7827 0 1 1 20
 105 0 19.58  18.6877  22.7426 0 1 1 20
 106 0 19.5398  26.5834  9.28099 0 1 1 20
 107 0 14.0995  36.2107  30.722 0 1 1 20
 108 0 29.0448  36.2266  35.1613 0 1 1 20
 109 0 44.2689  18.1898  1.306 0 1 1 20
 110 0 14.012  16.6455  6.78237 0 1 1 20
 111 0 31.4331  9.95792  11.2967 0 1 1 20
 112 0 20.7201  22.6856  16.999 0 1 1 20
 113 0 24.1625  38.5435  38.1315 0 1 1 20
 114 0 37.9311  38.037  21.9221 0 1 1 20
 115 0 29.8284  7.93286  8.86229 0 1 1 20
 116 0 30.9873  13.7927  4.79998 0 1 1 20
 117 0 36.4369  7.87572  4.66325 0 1 1 20
 118 0 12.953  1.7969  31.0885 0 1 1 20
 119 0 4.20052  35.153  37.2913 0 1 1 20
 120 0 9.78209  11.2313  14.5303 0 1 1 20
 121 0 12.6132  13.1507  14.3664 0 1 1 20
 122 0 24.0797  2.99763  4.71096 0 1 1 20
 123 0 29.1497  5.66355  16.3738 0 1 1 20
 124 0 32.9345  25.822  1.24957 0 1 1 20
 125 0 33.8122  4.4293  2.73462 0 1 1 20
 126 0 28.2661  26.324  37.161 0 1 1 20
 127 0 39.5646  0.881555  15.8595 0 1 1 20
 128 0 32.8929  11.0542  23.6688 0 1 1 20
 129 0 28.1723  5.27233  19.8197 0 1 1 20
 130 0 23.6505  7.29854  7.46182 0 1 1 20
 131 0 27.6684  16.1567  14.3354 0 1 1 20
 132 0 30.9791  27.6762  29.2101 0 1 1 20
 133 0 16.6542  10.4051  27.0537 0 1 1 20
 134 0 24.5954  13.5811  24.5864 0 1 1 20
 135 0 29.4875  10.8102  4.33004 0 1 1 20
 136 0 19.237  10.0883  16.9618 0 1 1 20
 137 0 23.7935  9.2344  4.49384 0 1 1 20
 138 0 31.3319  16.4162  16.2121 0 1 1 20
 139 0 25.8998  5.92075  4.47544 0 1 1 20
 140 0 26.0064  21.1047  17.381 0 1 1 20
 141 0 21.6115  14.0123  17.3994 0 1 1 20
 142 0 25.2987  21.8148  9.20445 0 1 1 20
 143 0 24.2841  9.83015  0.207937 0 1 1 20
 144 0 20.8623  39.7638  21.102 0 1 1 20
 145 0 38.2061  6.37084  13.2736 0 1 1 20
 146 0 39.6172  8.4068  16.0358 0 1 1 20
 147 0 34.2808  4.52276  6.36886 0 1 1 20
 148 0 26.358  20.3627  23.8322 0 1 1 20
 149 0 5.92615  5.45073  30.4301 0 1 1 20
 150 0 21.2099  27.7016  6.21183 0 1 1 20
 151 0 11.5533  5.22446  10.3286 0 1 1 20
 152 0 6.63147  9.6917  24.2255 0 1 1 20
 153 0 30.7731  6.61861  13.551 0 1 1 20
 154 0 27.6675  20.3933  6.60509 0 1 1 20
 155 0 23.3168  24.657  23.5287 0 1 1 20
 156 0 18.7111  35.59  26.9932 0 1 1 20
 157 0 36.2177  17.9095  6.84853 0 1 1 20
 158 0 25.5474  36.9527  26.0982 0 1 1 20
 159 0 31.2043  18.7699  8.47906 0 1 1 20
 160 0 34.1437  28.1325  39.7886 0 1 1 20
 161 0 4.58251  9.19583  31.1738 0 1 1 20
 162 0 20.1708  26.2186  23.2137 0 1 1 20
 163 0 39.2763  10.1775  31.4356 0 1 1 20
 164 0 47.5684  37.6337  35.964 0 1 1 20
 165 0 39.0646  10.9204  27.3476 0 1 1 20
 166 0 42.2181  16.4147  3.81501 0 1 1 20
 167 0 8.53178  27.2239  4.18496 0 1 1 20
 168 0 23.6983  28.8323  3.66269 0 1 1 20
 169 0 17.372  29.7687  38.7119 0 1 1 20
 170 0 25.1914  26.3507  29.332 0 1 1 20
 171 0 25.7076  26.3513  2.14034 0 1 1 20
 172 0 30.6172  9.5534  -0.0146479 0 1 1 20
 173 0 43.203  0.90808  15.2195 0 1 1 20
 174 0 14.5099  3.04421  4.45192 0 1 1 20
 175 0 34.0134  23.7999  12.0573 0 1 1 20
 176 0 14.3147  1.99986  34.4767 0 1 1 20
 177 0 10.4137  3.28506  22.1982 0 1 1 20
 178 0 24.7494  39.5  33.2561 0 1 1 20
 179 0 16.2757  41.604  30.9024 0 1 1 20
 180 0 34.3355  10.9656  17.2156 0 1 1 20
 181 0 42.8963  22.7308  39.4002 0 1 1 20
 182 0 11.7541  6.89776  6.24175 0 1 1 20
 183 0 19.2282  8.19545  12.4834 0 1 1 20
 184 0 41.4436  16.7853  38.2872 0 1 1 20
 185 0 16.1973  7.94342  16.7462 0 1 1 20
 186 0 12.9323  0.322176  7.17556 0 1 1 20
 187 0 37.3938  33.8883  35.1971 0 1 1 20
 188 0 32.1063  7.28949  17.1086 0 1 1 20
 189 0 46.2356  5.02219  32.185 0 1 1 20
 190 0 28.6233  23.4641  9.44874 0 1 1 20
 191 0 21.3332  26.2673  26.7489 0 1 1 20
 192 0 31.9551  22.1747  7.33526 0 1 1 20
 193 0 39.1207  3.46458  22.6313 0 1 1 20
 194 0 22.223  18.4851  12.3535 0 1 1 20
 195 0 12.4101  9.03396  3.02454 0 1 1 20
 196 0 19.5999  30.4174  19.7142 0 1 1 20
 197 0 17.1686  26.1583  5.98683 0 1 1 20
 198 0 20.6873  29.1869  36.4272 0 1 1 20
 199 0 22.2509  16.7233  6.50813 0 1 1 20
 200 0 49.1558  40.1996  4.38055 0 1 1 20
 201 0 22.8838  8.52756  17.993 0 1 1 20
 202 0 22.0483  36.0182  21.8737 0 1 1 20
 203 0 40.3841  4.48104  15.2223 0 1 1 20
 204 0 30.5891  19.937  4.72684 0 1 1 20
 205 0 26.9862  27.6561  5.51847 0 1 1 20
 206 0 26.822  16.1082  0.284922 0 1 1 20
 207 0 22.0116  7.24982  0.175349 0 1 1 20
 208 0 19.426  20.5771  19.427 0 1 1 20
 209 0 17.3292  20.6869  5.99304 0 1 1 20
 210 0 28.2292  37.0295  38.7363 0 1 1 20
 211 0 6.62863  2.76733  32.9781 0 1 1 20
 212 0 24.5308  33.955  38.802 0 1 1 20
 213 0 20.0196  26.086  17.615 0 1 1 20
 214 0 47.0517  2.09949  15.1548 0 1 1 20
 215 0 26.3617  15.5142  10.892 0 1 1 20
 216 0 29.9679  10.6789  17.2595 0 1 1 20
 217 0 8.08926  34.8353  0.113196 0 1 1 20
 218 0 25.5544  10.4922  7.36068 0 1 1 20
 219 0 44.828  4.88671  24.8983 0 1 1 20
 220 0 18.401  37.3074  30.4312 0 1 1 20
 221 0 29.9666  36.5737  27.0593 0 1 1 20
 222 0 7.94092  34.4072  36.9538 0 1 1 20
 223 0 10.2255  11.0366  22.4004 0 1 1 20
 224 0 35.6899  1.30019  24.6835 0 1 1 20
 225 0 16.6758  12.1888  23.7842 0 1 1 20
 226 0 4.46517  3.11678  36.0632 0 1 1 20
 227 0 17.7823  10.2024  7.49088 0 1 1 20
 228 0 13.3634  29.6865  2.27425 0 1 1 20
 229 0 23.0114  43.1247  21.9409 0 1 1 20
 230 0 22.69  40.6244  30.3131 0 1 1 20
 231 0 50.085  37.4003  38.9575 0 1 1 20
 232 0 8.0104  1.68475  29.6468 0 1 1 20
 233 0 3.81021  19.901  1.81829 0 1 1 20
 234 0 8.18124  10.8169  29.7515 0 1 1 20
 235 0 45.8847  35.7272  38.729 0 1 1 20
 236 0 21.9994  16.5969  0.553731 0 1 1 20
 237 0 26.6897  1.81596  6.92088 0 1 1 20
 238 0 28.9325  37.8062  15.1287 0 1 1 20
 239 0 21.1638  15.479  23.8973 0 1 1 20
 240 0 1.75631  7.5528  18.2524 0 1 1 20
 241 0 9.89014  10.1689  9.91634 0 1 1 20
 242 0 46.6801  41.7618  5.9671 0 1 1 20
 243 0 26.7342  30.2421  15.8731 0 1 1 20
 244 0 33.6905  0.839302  32.218 0 1 1 20
 245 0 32.4125  41.6699  17.1197 0 1 1 20
 246 0 25.8952  32.3789  25.6238 0 1 1 20
 247 0 8.27444  29.3983  37.0252 0 1 1 20
 248 0 14.0199  9.62723  23.6712 0 1 1 20
 249 0 15.6889  10.0963  13.3189 0 1 1 20
 250 0 34.7949  17.8314  10.4267 0 1 1 20
 251 0 6.16859  40.8448  32.2843 0 1 1 20
 252 0 27.8343  11.6998  1.10404 0 1 1 20
 253 0 14.3287  6.0402  2.00638 0 1 1 20
 254 0 1.89558  8.87063  34.4515 0 1 1 20
 255 0 32.5792  24.9095  37.9276 0 1 1 20
 256 0 26.9906  23.6202  13.3687 0 1 1 20
 257 0 16.752  14.1396  6.4412 0 1 1 20
 258 0 25.5665  35.1452  22.6428 0 1 1 20
 259 0 7.80716  5.91381  23.2921 0 1 1 20
 260 0 1.90465  3.31657  22.7332 0 1 1 20
 261 0 22.0061  5.94435  4.15428 0 1 1 20
 262 0 28.3143  18.3139  17.955 0 1 1 20
 263 0 21.0575  4.25862  7.18623 0 1 1 20
 264 0 18.0101  15.5999  9.81232 0 1 1 20
 265 0 28.1304  28.1572  31.4965 0 1 1 20
 266 0 20.6506  20.0935  5.17661 0 1 1 20
 267 0 23.484  33.6669  28.4802 0 1 1 20
 268 0 28.3889  38.9979  24.869 0 1 1 20
 269 0 9.71645  29.5936  1.18263 0 1 1 20
 270 0 48.7128  5.83738  21.0099 0 1 1 20
 271 0 16.0375  12.3701  10.0134 0 1 1 20
 272 0 19.4527  11.449  11.0611 0 1 1 20
 273 0 6.8365  37.0066  34.4112 0 1 1 20
 274 0 32.3854  4.2896  19.0525 0 1 1 20
 275 0 23.0469  19.1839  17.2267 0 1 1 20
 276 0 27.1373  34.6816  32.2199 0 1 1 20
 277 0 0.726853  -0.193898  36.4269 0 1 1 20
 278 0 25.0189  18.8767  14.6275 0 1 1 20
 279 0 3.33655  0.966383  32.3331 0 1 1 20
 280 0 24.268  38.9556  22.6392 0 1 1 20
 281 0 6.98728  3.65327  15.025 0 1 1 20
 282 0 19.9531  22.3072  23.9172 0 1 1 20
 283 0 17.0202  1.69684  15.7944 0 1 1 20
 284 0 34.7847  28.2883  -0.494347 0 1 1 20
 285 0 47.2291  39.0989  39.613 0 1 1 20
 286 0 25.3167  29.3161  11.0011 0 1 1 20
 287 0 12.6978  28.1937  35.1193 0 1 1 20
 288 0 22.8051  20.5689  24.1336 0 1 1 20
 289 0 25.2802  41.6809  24.5113 0 1 1 20
 290 0 19.2794  6.82196  18.1546 0 1 1 20
 291 0 12.7307  12.7877  10.2935 0 1 1 20
 292 0 18.7355  29.7966  31.4245 0 1 1 20
 293 0 24.774  17.2875  24.0546 0 1 1 20
 294 0 7.41151  4.21944  27.017 0 1 1 20
 295 0 21.9826  8.5787  39.2016 0 1 1 20
 296 0 13.3947  30.3253  38.1568 0 1 1 20
 297 0 40.117  23.399  1.19789 0 1 1 20
 298 0 46.0531  9.35144  33.3311 0 1 1 20
 299 0 1.77501  9.84862  25.838 0 1 1 20
 300 0 10.2435  11.2427  6.76212 0 1 1 20
 301 0 10.6281  32.5983  3.2945 0 1 1 20
 302 0 13.4514  13.2325  22.8104 0 1 1 20
 303 0 17.2588  41.2225  35.804 0 1 1 20
 304 0 26.3757  41.1575  21.5144 0 1 1 20
 305 0 27.5726  5.36272  7.67922 0 1 1 20
 306 0 36.6834  3.92569  10.547 0 1 1 20
 307 0 2.77509  6.67188  29.0072 0 1 1 20
 308 0 28.7101  35.0045  24.2439 0 1 1 20
 309 0 3.16976  16.5623  36.0058 0 1 1 20
 310 0 14.6835  11.0391  16.9427 0 1 1 20
 311 0 18.5941  27.3475  12.7997 0 1 1 20
 312 0 21.5182  11.9856  14.4765 0 1 1 20
 313 0 33.1388  41.5848  20.5507 0 1 1 20
 314 0 19.9624  31.8847  27.8369 0 1 1 20
 315 0 16.6845  7.44829  29.9023 0 1 1 20
 316 0 31.8047  2.05489  6.68544 0 1 1 20
 317 0 27.2646  24.4315  17.3497 0 1 1 20
 318 0 18.4506  8.77506  24.3449 0 1 1 20
 319 0 35.8054  6.81632  32.024 0 1 1 20
 320 0 19.869  14.1284  3.5045 0 1 1 20
 321 0 13.3622  0.909758  38.0887 0 1 1 20
 322 0 34.6934  20.2764  4.62061 0 1 1 20
 323 0 24.5295  27.564  32.8191 0 1 1 20
 324 0 15.8781  27.0764  35.6417 0 1 1 20
 325 0 21.1796  39.9865  35.9319 0 1 1 20
 326 0 30.8887  15.04  1.11385 0 1 1 20
 327 0 48.3041  11.9845  34.7389 0 1 1 20
 328 0 9.74403  13.6575  4.32506 0 1 1 20
 329 0 12.8083  41.8179  30.8706 0 1 1 20
 330 0 45.9661  6.77989  38.9775 0 1 1 20
 331 0 19.6037  41.7947  32.9522 0 1 1 20
 332 0 4.17368  6.36549  15.4358 0 1 1 20
 333 0 39.4011  36.2402  -0.908929 0 1 1 20
 334 0 9.17406  26.1087  38.4086 0 1 1 20
 335 0 17.0666  15.2082  22.2561 0 1 1 20
 336 0 27.9346  26.804  26.9117 0 1 1 20
 337 0 25.3531  16.1272  17.5043 0 1 1 20
 338 0 4.91727  41.1626  5.82508 0 1 1 20
 339 0 18.7589  16.5627  19.4911 0 1 1 20
 340 0 33.659  12.7975  11.1264 0 1 1 20
 341 0 42.4818  39.2991  39.0951 0 1 1 20
 342 0 25.3422  39.3054  15.0239 0 1 1 20
 343 0 11.1628  4.95566  38.516 0 1 1 20
 344 0 16.4263  33.3254  32.098 0 1 1 20
 345 0 32.8701  17.1011  4.96278 0 1 1 20
 346 0 40.8966  12.1166  36.8116 0 1 1 20
 347 0 28.1243  38.2089  32.1596 0 1 1 20
 348 0 34.4941  2.8133  35.5365 0 1 1 20
 349 0 41.1176  3.53524  29.3013 0 1 1 20
 350 0 29.2348  25.4741  20.5215 0 1 1 20
 351 0 21.417  1.17146  9.6647 0 1 1 20
 352 0 18.2992  10.9345  4.15618 0 1 1 20
 353 0 20.1199  33.7023  30.9936 0 1 1 20
 354 0 19.6532  3.16797  17.3619 0 1 1 20
 355 0 20.6794  38.0804  25.0163 0 1 1 20
 356 0 20.3322  24.3733  13.5254 0 1 1 20
 357 0 17.0944  42.1955  38.9924 0 1 1 20
 358 0 44.7451  3.0229  29.5341 0 1 1 20
 359 0 23.8623  15.3972  13.6838 0 1 1 20
 360 0 13.0315  11.3394  -0.566045 0 1 1 20
 361 0 21.5233  37.339  32.9127 0 1 1 20
 362 0 16.3981  39.2583  13.8702 0 1 1 20
 363 0 6.83273  38.6961  0.368278 0 1 1 20
 364 0 28.8069  12.6651  11.0589 0 1 1 20
 365 0 44.2223  5.04408  15.623 0 1 1 20
 366 0 31.7034  37.3281  32.8512 0 1 1 20
 367 0 35.0563  9.46402  26.1686 0 1 1 20
 368 0 20.1412  15.3057  14.5106 0 1 1 20
 369 0 12.369  10.0294  26.7968 0 1 1 20
 370 0 31.0571  26.0988  6.61251 0 1 1 20
 371 0 5.34397  38.7575  38.9116 0 1 1 20
 372 0 37.6411  1.03697  12.5374 0 1 1 20
 373 0 18.5586  41.8271  22.0844 0 1 1 20
 374 0 28.5644  13.3022  7.46642 0 1 1 20
 375 0 2.87267  20.7852  38.4072 0 1 1 20
 376 0 35.5328  13.5867  14.6394 0 1 1 20
 377 0 9.38961  6.94649  12.903 0 1 1 20
 378 0 35.8964  30.7817  36.6169 0 1 1 20
 379 0 22.4118  10.0079  8.64584 0 1 1 20
 380 0 47.2473  8.00692  29.702 0 1 1 20
 381 0 0.254758  37.2486  1.58583 0 1 1 20
 382 0 27.2947  8.52903  2.28126 0 1 1 20
 383 0 3.89776  40.155  2.45568 0 1 1 20
 384 0 15.8228  4.50815  17.8438 0 1 1 20
 385 0 7.10302  31.806  -0.755416 0 1 1 20
 386 0 4.5057  36.874  2.35375 0 1 1 20
 387 0 30.2459  39.3069  18.879 0 1 1 20
 388 0 31.4912  26.1222  34.6593 0 1 1 20
 389 0 34.5242  2.77694  13.3174 0 1 1 20
 390 0 19.5798  41.4211  28.6516 0 1 1 20
 391 0 2.84409  10.778  19.3843 0 1 1 20
 392 0 26.363  9.25934  16.2574 0 1 1 20
 393 0 30.253  16.2061  19.9277 0 1 1 20
 394 0 27.2444  0.679566  12.3973 0 1 1 20
 395 0 21.5621  37.2211  28.6336 0 1 1 20
 396 0 24.6366  20.1473  2.03824 0 1 1 20
 397 0 10.8083  15.3432  7.41491 0 1 1 20
 398 0 24.8545  13.9726  7.29344 0 1 1 20
 399 0 28.6959  28.1596  10.8203 0 1 1 20
 400 0 39.2325  31.5277  33.0135 0 1 1 20
 401 0 27.7494  19.6214  10.4365 0 1 1 20
 402 0 39.8826  40.5604  35.4173 0 1 1 20
 403 0 11.3184  11.3953  18.9308 0 1 1 20
 404 0 17.8385  13.1633  16.9114 0 1 1 20
 405 0 32.9191  13.7958  18.3861 0 1 1 20
 406 0 44.5772  39.6259  2.54601 0 1 1 20
 407 0 34.7439  21.0896  8.77424 0 1 1 20
 408 0 29.0165  18.8504  21.611 0 1 1 20
 409 0 8.02794  23.5451  1.06534 0 1 1 20
 410 0 45.156  39.7801  32.1923 0 1 1 20
 411 0 31.0897  13.4881  14.0016 0 1 1 20
 412 0 29.3982  30.8955  29.3043 0 1 1 20
 413 0 17.8713  35.7176  13.8642 0 1 1 20
 414 0 22.1417  11.9773  5.46141 0 1 1 20
 415 0 23.5578  35.8925  15.4466 0 1 1 20
 416 0 30.4108  23.3942  15.233 0 1 1 20
 417 0 35.9354  1.88166  20.7535 0 1 1 20
 418 0 8.88794  41.3615  35.5394 0 1 1 20
 419 0 18.4894  7.17923  9.10814 0 1 1 20
 420 0 20.954  12.4671  -0.525883 0 1 1 20
 421 0 14.7016  30.3163  33.3433 0 1 1 20
 422 0 -0.013518  18.1139  37.3154 0 1 1 20
 423 0 29.5977  26.9201  15.9994 0 1 1 20
 424 0 28.1566  9.3004  13.2629 0 1 1 20
 425 0 20.0614  39.1389  12.3817 0 1 1 20
 426 0 30.7283  34.122  30.6892 0 1 1 20
 427 0 36.2604  11.0826  22.6691 0 1 1 20
 428 0 39.7098  36.7765  35.4412 0 1 1 20
 429 0 17.3437  17.391  12.5988 0 1 1 20
 430 0 13.8536  2.67982  14.85 0 1 1 20
 431 0 25.5769  29.1575  36.6473 0 1 1 20
 432 0 30.6576  8.49683  25.8276 0 1 1 20
 433 0 36.3456  9.74593  29.7217 0 1 1 20
 434 0 23.5102  32.4958  12.7276 0 1 1 20
 435 0 25.0708  16.4266  3.0935 0 1 1 20
 436 0 22.8463  39.9613  26.9269 0 1 1 20
 437 0 41.2198  17.7834  8.89478 0 1 1 20
 438 0 0.75569  3.7579  35.1723 0 1 1 20
 439 0 17.5651  4.7157  13.8466 0 1 1 20
 440 0 42.5193  6.81735  27.475 0 1 1 20
 441 0 20.0036  13.6588  7.6926 0 1 1 20
 442 0 19.9789  19.8143  28.0377 0 1 1 20
 443 0 38.408  1.65931  26.8215 0 1 1 20
 444 0 16.2753  26.6008  2.5219 0 1 1 20
 445 0 11.6443  9.21139  30.7445 0 1 1 20
 446 0 20.1933  33.4484  16.406 0 1 1 20
 447 0 36.401  3.63061  38.7974 0 1 1 20
 448 0 26.539  40.1356  28.6746 0 1 1 20
 449 0 28.397  29.1404  18.9689 0 1 1 20
 450 0 41.1162  38.5974  0.903617 0 1 1 20
 451 0 26.5375  12.2177  13.9017 0 1 1 20
 452 0 31.3127  4.7  22.3117 0 1 1 20
 453 0 9.79237  9.64702  33.9652 0 1 1 20
 454 0 28.9461  29.9947  25.5402 0 1 1 20
 455 0 11.9808  31.9474  35.0873 0 1 1 20
 456 0 38.551  13.2478  6.33435 0 1 1 20
 457 0 10.5324  1.1085  26.746 0 1 1 20
 458 0 23.9963  23.5382  15.8938 0 1 1 20
 459 0 44.5798  22.1835  -1.20798 0 1 1 20
 460 0 21.9371  7.35846  22.1414 0 1 1 20
 461 0 24.7284  11.7251  11.0138 0 1 1 20
 462 0 16.2226  14.0894  13.3058 0 1 1 20
 463 0 41.8506  1.3545  25.3432 0 1 1 20
 464 0 3.47181  6.81931  24.875 0 1 1 20
 465 0 8.75957  37.969  37.2797 0 1 1 20
 466 0 0.73695  11.2677  31.4102 0 1 1 20
 467 0 2.1599  3.1332  15.4664 0 1 1 20
 468 0 31.2314  29.4553  33.1789 0 1 1 20
 469 0 24.3605  10.0171  23.7689 0 1 1 20
 470 0 15.7059  19.4431  8.7408 0 1 1 20
 471 0 16.9688  16.8956  16.3083 0 1 1 20
 472 0 31.8247  3.32326  15.1683 0 1 1 20
 473 0 27.4293  33.8587  14.7612 0 1 1 20
 474 0 14.201  6.70523  27.3465 0 1 1 20
 475 0 20.2326  29.5382  16.1709 0 1 1 20
 476 0 14.2185  15.9534  11.1247 0 1 1 20
 477 0 26.9036  25.1964  22.9352 0 1 1 20
 478 0 20.9681  11.602  24.495 0 1 1 20
 479 0 43.536  19.5856  37.0633 0 1 1 20
 480 0 12.7202  25.4216  1.89705 0 1 1 20
 481 0 21.8272  5.89044  10.2311 0 1 1 20
 482 0 21.2997  14.5331  10.7247 0 1 1 20
 483 0 15.5149  0.505405  19.1033 0 1 1 20
 484 0 36.6656  6.72035  8.30534 0 1 1 20
 485 0 30.2418  4.53922  9.83738 0 1 1 20
 486 0 28.8577  16.8315  4.0221 0 1 1 20
 487 0 27.8715  31.7329  21.94 0 1 1 20
 488 0 0.462757  4.58642  39.4757 0 1 1 20
 489 0 0.829305  33.8374  37.4209 0 1 1 20
 490 0 14.8674  4.1747  38.7137 0 1 1 20
 491 0 5.81817  -0.0967531  23.3952 0 1 1 20
 492 0 43.0364  36.2967  2.61227 0 1 1 20
 493 0 9.05591  12.6428  25.5153 0 1 1 20
 494 0 24.6582  21.9471  27.181 0 1 1 20
 495 0 36.1281  28.3963  4.77693 0 1 1 20
 496 0 14.78  41.5933  19.404 0 1 1 20
 497 0 25.1414  37.1067  30.0958 0 1 1 20
 498 0 44.4734  6.56459  21.6191 0 1 1 20
 499 0 42.0313  8.07208  8.20747 0 1 1 20
 500 0 19.0055  24.2824  20.6294 0 1 1 20
 501 0 24.3165  3.66155  9.3102 0 1 1 20
 502 0 37.848  22.0485  4.49217 0 1 1 20
 503 0 33.7932  31.9415  32.5875 0 1 1 20
 504 0 26.6762  7.86063  10.0143 0 1 1 20
 505 0 18.1155  40.1032  17.431 0 1 1 20
 506 0 28.8333  19.9049  14.6627 0 1 1 20
 507 0 7.27081  12.3397  35.4519 0 1 1 20
 508 0 47.0541  16.4433  -0.179508 0 1 1 20
 509 0 32.7423  15.1913  8.45356 0 1 1 20
 510 0 38.7023  9.15325  11.2097 0 1 1 20
 511 0 8.2875  16.9052  5.32253 0 1 1 20
 512 0 8.79006  29.4212  32.8982 0 1 1 20
 513 0 23.8637  13.2698  1.82484 0 1 1 20
 514 0 31.484  20.988  11.1534 0 1 1 20
 515 0 42.8128  10.4334  30.9056 0 1 1 20
 516 0 20.6133  37.673  16.2622 0 1 1 20
 517 0 38.8336  28.7753  36.9483 0 1 1 20
 518 0 30.6448  16.3818  11.3722 0 1 1 20
 519 0 10.7918  23.1651  3.78465 0 1 1 20
 520 0 14.1286  2.99412  21.3597 0 1 1 20
 521 0 41.8048  20.0102  3.58219 0 1 1 20
 522 0 6.66738  14.8369  2.2369 0 1 1 20
 523 0 8.35636  39.5048  6.17337 0 1 1 20
 524 0 18.6406  20.678  14.8357 0 1 1 20
 525 0 21.3264  10.3328  2.28633 0 1 1 20
 526 0 30.912  1.30375  1.85379 0 1 1 20
 527 0 10.8891  22.6415  38.5113 0 1 1 20
 528 0 15.7135  0.96224  1.56694 0 1 1 20
 529 0 34.2825  24.9807  5.54114 0 1 1 20
 530 0 24.4035  18.4377  9.09283 0 1 1 20
 531 0 3.83438  12.7014  32.3105 0 1 1 20
 532 0 28.1738  14.6954  24.3011 0 1 1 20
 533 0 28.0804  19.5173  1.39715 0 1 1 20
 534 0 36.997  12.9773  0.168684 0 1 1 20
 535 0 32.6483  6.49474  0.122747 0 1 1 20
 536 0 17.5004  2.65223  8.12638 0 1 1 20
 537 0 12.6774  20.3007  5.65011 0 1 1 20
 538 0 29.9513  26.422  3.28376 0 1 1 20
 539 0 40.453  32.4589  39.3166 0 1 1 20
 540 0 14.3268  23.7048  6.19926 0 1 1 20
 541 0 17.2184  0.518237  4.82169 0 1 1 20
 542 0 32.5526  4.23541  26.1141 0 1 1 20
 543 0 20.3167  27.0144  2.65547 0 1 1 20
 544 0 6.03474  7.51077  27.4161 0 1 1 20
 545 0 0.581974  2.45991  28.0468 0 1 1 20
 546 0 40.7833  18.6881  34.228 0 1 1 20
 547 0 4.2558  6.84622  21.1222 0 1 1 20
 548 0 4.51553  -1.68176  35.19 0 1 1 20
 549 0 6.13077  17.888  37.9553 0 1 1 20
 550 0 7.45982  9.37905  21.0429 0 1 1 20
 551 0 5.58795  11.0964  27.3878 0 1 1 20
 552 0 46.9074  8.22672  23.9805 0 1 1 20
 553 0 10.3265  35.3168  34.5885 0 1 1 20
 554 0 14.6942  14.0377  19.6092 0 1 1 20
 555 0 47.8105  5.41395  16.2989 0 1 1 20
 556 0 36.7278  14.4503  9.16536 0 1 1 20
 557 0 46.0833  1.70803  37.2587 0 1 1 20
 558 0 29.1096  32.5257  17.2644 0 1 1 20
 559 0 45.8203  1.50498  25.8823 0 1 1 20
 560 0 43.9735  33.2074  41.096 0 1 1 20
 561 0 42.5151  35.4662  37.0609 0 1 1 20
 562 0 13.2403  28.9555  6.09585 0 1 1 20
 563 0 7.50182  35.0436  4.00774 0 1 1 20
 564 0 24.2457  32.0608  9.27083 0 1 1 20
 565 0 18.8163  39.3854  38.7449 0 1 1 20
 566 0 39.2891  -0.149943  23.0964 0 1 1 20
 567 0 14.8334  3.87978  29.0195 0 1 1 20
 568 0 16.7648  16.9384  39.2454 0 1 1 20
 569 0 21.6215  27.3132  30.7353 0 1 1 20
 570 0 19.1061  29.7342  24.844 0 1 1 20
 571 0 34.3716  13.6656  21.4907 0 1 1 20
 572 0 13.5786  19.875  13.1122 0 1 1 20
 573 0 34.7377  1.07455  27.8503 0 1 1 20
 574 0 35.8852  41.085  13.5067 0 1 1 20
 575 0 20.2251  21.6822  11.3771 0 1 1 20
 576 0 32.5384  32.0545  27.7743 0 1 1 20
 577 0 13.3064  34.4932  2.06677 0 1 1 20
 578 0 38.8365  38.6838  31.4913 0 1 1 20
 579 0 33.9522  3.84252  30.3667 0 1 1 20
 580 0 45.492  31.5195  1.8417 0 1 1 20
